Image_name,index
images-00202.png,0
images-00203.png,1
images-00204.png,2
images-00205.png,3
images-00206.png,4
images-00207.png,5
images-00208.png,6
images-00209.png,7
images-00210.png,8
images-00211.png,9
images-00212.png,10
images-00213.png,11
images-00214.png,12
images-00215.png,13
images-00216.png,14
images-00217.png,15
images-00218.png,16
images-00219.png,17
images-00220.png,18
images-00221.png,19
images-00222.png,20
images-00223.png,21
images-00224.png,22
images-00225.png,23
images-00226.png,24
images-00227.png,25
images-00228.png,26
images-00229.png,27
images-00230.png,28
images-00231.png,29
images-00232.png,30
images-00233.png,31
images-00234.png,32
images-00235.png,33
images-00236.png,34
images-00237.png,35
images-00238.png,36
images-00239.png,37
images-00240.png,38
images-00241.png,39
images-00242.png,40
images-00243.png,41
images-00244.png,42
images-00245.png,43
images-00246.png,44
images-00247.png,45
images-00248.png,46
images-00249.png,47
images-00250.png,48
images-00251.png,49
images-00252.png,50
images-00253.png,51
images-00254.png,52
images-00255.png,53
images-00256.png,54
images-00257.png,55
images-00258.png,56
images-00259.png,57
images-00260.png,58
images-00261.png,59
images-00262.png,60
images-00263.png,61
images-00264.png,62
images-00265.png,63
images-00266.png,64
images-00267.png,65
images-00268.png,66
images-00269.png,67
images-00270.png,68
images-00271.png,69
images-00272.png,70
images-00273.png,71
images-00274.png,72
images-00275.png,73
images-00276.png,74
images-00277.png,75
images-00278.png,76
images-00279.png,77
images-00280.png,78
images-00281.png,79
images-00282.png,80
images-00283.png,81
images-00284.png,82
images-00285.png,83
images-00286.png,84
images-00287.png,85
images-00288.png,86
images-00289.png,87
images-00290.png,88
images-00291.png,89
images-00292.png,90
images-00293.png,91
images-00294.png,92
images-00295.png,93
images-00296.png,94
images-00297.png,95
images-00298.png,96
images-00299.png,97
images-00300.png,98
images-00301.png,99
images-00302.png,100
images-00303.png,101
images-00304.png,102
images-00305.png,103
images-00306.png,104
images-00307.png,105
images-00308.png,106
images-00309.png,107
images-00310.png,108
images-00311.png,109
images-00312.png,110
images-00313.png,111
images-00314.png,112
images-00315.png,113
images-00316.png,114
images-00317.png,115
images-00318.png,116
images-00319.png,117
images-00320.png,118
images-00321.png,119
images-00322.png,120
images-00323.png,121
images-00324.png,122
images-00325.png,123
images-00326.png,124
images-00327.png,125
images-00328.png,126
images-00329.png,127
images-00330.png,128
images-00331.png,129
images-00332.png,130
images-00333.png,131
images-00334.png,132
images-00335.png,133
images-00336.png,134
images-00337.png,135
images-00338.png,136
images-00339.png,137
images-00340.png,138
images-00341.png,139
images-00342.png,140
images-00343.png,141
images-00344.png,142
images-00345.png,143
images-00346.png,144
images-00347.png,145
images-00348.png,146
images-00349.png,147
images-00350.png,148
images-00351.png,149
images-00352.png,150
images-00353.png,151
images-00354.png,152
images-00355.png,153
images-00356.png,154
images-00357.png,155
images-00358.png,156
images-00359.png,157
images-00360.png,158
images-00361.png,159
images-00362.png,160
images-00363.png,161
images-00364.png,162
images-00365.png,163
images-00366.png,164
images-00367.png,165
images-00368.png,166
images-00369.png,167
images-00370.png,168
images-00371.png,169
images-00372.png,170
images-00373.png,171
images-00374.png,172
images-00375.png,173
images-00376.png,174
images-00377.png,175
images-00378.png,176
images-00379.png,177
images-00380.png,178
images-00381.png,179
images-00382.png,180
images-00383.png,181
images-00384.png,182
images-00385.png,183
images-00386.png,184
images-00387.png,185
images-00388.png,186
images-00389.png,187
images-00390.png,188
images-00391.png,189
images-00392.png,190
images-00393.png,191
images-00394.png,192
images-00395.png,193
images-00396.png,194
images-00397.png,195
images-00398.png,196
images-00399.png,197
images-00400.png,198
images-00401.png,199
images-00402.png,200
images-00403.png,201
images-00404.png,202
images-00405.png,203
images-00406.png,204
images-00407.png,205
images-00408.png,206
images-00409.png,207
images-00410.png,208
images-00411.png,209
images-00412.png,210
images-00413.png,211
images-00414.png,212
images-00415.png,213
images-00416.png,214
images-00417.png,215
images-00418.png,216
images-00419.png,217
images-00420.png,218
images-00421.png,219
images-00422.png,220
images-00423.png,221
images-00424.png,222
images-00425.png,223
images-00426.png,224
images-00427.png,225
images-00428.png,226
images-00429.png,227
images-00430.png,228
images-00431.png,229
images-00432.png,230
images-00433.png,231
images-00434.png,232
images-00435.png,233
images-00436.png,234
images-00437.png,235
images-00438.png,236
images-00439.png,237
images-00440.png,238
images-00441.png,239
images-00442.png,240
images-00443.png,241
images-00444.png,242
images-00445.png,243
images-00446.png,244
images-00447.png,245
images-00448.png,246
images-00449.png,247
images-00450.png,248
images-00451.png,249
images-00452.png,250
images-00453.png,251
images-00454.png,252
images-00455.png,253
images-00456.png,254
images-00457.png,255
images-00458.png,256
images-00459.png,257
images-00460.png,258
images-00461.png,259
images-00462.png,260
images-00463.png,261
images-00464.png,262
images-00465.png,263
images-00466.png,264
images-00467.png,265
images-00468.png,266
images-00469.png,267
images-00470.png,268
images-00471.png,269
images-00472.png,270
images-00473.png,271
images-00474.png,272
images-00475.png,273
images-00476.png,274
images-00477.png,275
images-00478.png,276
images-00479.png,277
images-00480.png,278
images-00481.png,279
images-00482.png,280
images-00483.png,281
images-00484.png,282
images-00485.png,283
images-00486.png,284
images-00487.png,285
images-00488.png,286
images-00489.png,287
images-00490.png,288
images-00491.png,289
images-00492.png,290
images-00493.png,291
images-00494.png,292
images-00495.png,293
images-00496.png,294
images-00497.png,295
images-00498.png,296
images-00499.png,297
images-00500.png,298
images-00501.png,299
images-00502.png,300
images-00503.png,301
images-00504.png,302
images-00505.png,303
images-00506.png,304
images-00507.png,305
images-00508.png,306
images-00509.png,307
images-00510.png,308
images-00511.png,309
images-00512.png,310
images-00513.png,311
images-00514.png,312
images-00515.png,313
images-00516.png,314
images-00517.png,315
images-00518.png,316
images-00519.png,317
images-00520.png,318
images-00521.png,319
images-00522.png,320
images-00523.png,321
images-00524.png,322
images-00525.png,323
images-00526.png,324
images-00527.png,325
images-00528.png,326
images-00529.png,327
images-00530.png,328
images-00531.png,329
images-00532.png,330
images-00533.png,331
images-00534.png,332
images-00535.png,333
images-00536.png,334
images-00537.png,335
images-00538.png,336
images-00539.png,337
images-00540.png,338
images-00541.png,339
images-00542.png,340
images-00543.png,341
images-00544.png,342
images-00545.png,343
images-00546.png,344
images-00547.png,345
images-00548.png,346
images-00549.png,347
images-00550.png,348
images-00551.png,349
images-00552.png,350
images-00553.png,351
images-00554.png,352
images-00555.png,353
images-00556.png,354
images-00557.png,355
images-00558.png,356
images-00559.png,357
images-00560.png,358
images-00561.png,359
images-00562.png,360
images-00563.png,361
images-00564.png,362
images-00565.png,363
images-00566.png,364
images-00567.png,365
images-00568.png,366
images-00569.png,367
images-00570.png,368
images-00571.png,369
images-00572.png,370
images-00573.png,371
images-00574.png,372
images-00575.png,373
images-00576.png,374
images-00577.png,375
images-00578.png,376
images-00579.png,377
images-00580.png,378
images-00581.png,379
images-00582.png,380
images-00583.png,381
images-00584.png,382
images-00585.png,383
images-00586.png,384
images-00587.png,385
images-00588.png,386
images-00589.png,387
images-00590.png,388
images-00591.png,389
images-00592.png,390
images-00593.png,391
images-00594.png,392
images-00595.png,393
images-00596.png,394
images-00597.png,395
images-00598.png,396
images-00599.png,397
images-00600.png,398
images-00601.png,399
images-00602.png,400
images-00603.png,401
images-00604.png,402
images-00605.png,403
images-00606.png,404
images-00607.png,405
images-00608.png,406
images-00609.png,407
images-00610.png,408
images-00611.png,409
images-00612.png,410
images-00613.png,411
images-00614.png,412
images-00615.png,413
images-00616.png,414
images-00617.png,415
images-00618.png,416
images-00619.png,417
images-00620.png,418
images-00621.png,419
images-00622.png,420
images-00623.png,421
images-00624.png,422
images-00625.png,423
images-00626.png,424
images-00627.png,425
images-00628.png,426
images-00629.png,427
images-00630.png,428
images-00631.png,429
images-00632.png,430
images-00633.png,431
images-00634.png,432
images-00635.png,433
images-00636.png,434
images-00637.png,435
images-00638.png,436
images-00639.png,437
images-00640.png,438
images-00641.png,439
images-00642.png,440
images-00643.png,441
images-00644.png,442
images-00645.png,443
images-00646.png,444
images-00647.png,445
images-00648.png,446
images-00649.png,447
images-00650.png,448
images-00651.png,449
images-00652.png,450
images-00653.png,451
images-00654.png,452
images-00655.png,453
images-00656.png,454
images-00657.png,455
images-00658.png,456
images-00659.png,457
images-00660.png,458
images-00661.png,459
images-00662.png,460
images-00663.png,461
images-00664.png,462
images-00665.png,463
images-00666.png,464
images-00667.png,465
images-00668.png,466
images-00669.png,467
images-00670.png,468
images-00671.png,469
images-00672.png,470
images-00673.png,471
images-00674.png,472
images-00675.png,473
images-00676.png,474
images-00677.png,475
images-00678.png,476
images-00679.png,477
images-00680.png,478
images-00681.png,479
images-00682.png,480
images-00683.png,481
images-00684.png,482
images-00685.png,483
images-00686.png,484
images-00687.png,485
images-00688.png,486
images-00689.png,487
images-00690.png,488
images-00691.png,489
images-00692.png,490
images-00693.png,491
images-00694.png,492
images-00695.png,493
images-00696.png,494
images-00697.png,495
images-00698.png,496
images-00699.png,497
images-00700.png,498
images-00701.png,499
images-00702.png,500
images-00703.png,501
images-00704.png,502
images-00705.png,503
images-00706.png,504
images-00707.png,505
images-00708.png,506
images-00709.png,507
images-00710.png,508
images-00711.png,509
images-00712.png,510
images-00713.png,511
images-00714.png,512
images-00715.png,513
images-00716.png,514
images-00717.png,515
images-00718.png,516
images-00719.png,517
images-00720.png,518
images-00721.png,519
images-00722.png,520
images-00723.png,521
images-00724.png,522
images-00725.png,523
images-00726.png,524
images-00727.png,525
images-00728.png,526
images-00729.png,527
images-00730.png,528
images-00731.png,529
images-00732.png,530
images-00733.png,531
images-00734.png,532
images-00735.png,533
images-00736.png,534
images-00737.png,535
images-00738.png,536
images-00739.png,537
images-00740.png,538
images-00741.png,539
images-00742.png,540
images-00743.png,541
images-00744.png,542
images-00745.png,543
images-00746.png,544
images-00747.png,545
images-00748.png,546
images-00749.png,547
images-00750.png,548
images-00751.png,549
images-00752.png,550
images-00753.png,551
images-00754.png,552
images-00755.png,553
images-00756.png,554
images-00757.png,555
images-00758.png,556
images-00759.png,557
images-00760.png,558
images-00761.png,559
images-00762.png,560
images-00763.png,561
images-00764.png,562
images-00765.png,563
images-00766.png,564
images-00767.png,565
images-00768.png,566
images-00769.png,567
images-00770.png,568
images-00771.png,569
images-00772.png,570
images-00773.png,571
images-00774.png,572
images-00775.png,573
images-00776.png,574
images-00777.png,575
images-00778.png,576
images-00779.png,577
images-00780.png,578
images-00781.png,579
images-00782.png,580
images-00783.png,581
images-00784.png,582
images-00785.png,583
images-00786.png,584
images-00787.png,585
images-00788.png,586
images-00789.png,587
images-00790.png,588
images-00791.png,589
images-00792.png,590
images-00793.png,591
images-00794.png,592
images-00795.png,593
images-00796.png,594
images-00797.png,595
images-00798.png,596
images-00799.png,597
images-00800.png,598
images-00801.png,599
images-00802.png,600
images-00803.png,601
images-00804.png,602
images-00805.png,603
images-00806.png,604
images-00807.png,605
images-00808.png,606
images-00809.png,607
images-00810.png,608
images-00811.png,609
images-00812.png,610
images-00813.png,611
images-00814.png,612
images-00815.png,613
images-00816.png,614
images-00817.png,615
images-00818.png,616
images-00819.png,617
images-00820.png,618
images-00821.png,619
images-00822.png,620
images-00823.png,621
images-00824.png,622
images-00825.png,623
images-00826.png,624
images-00827.png,625
images-00828.png,626
images-00829.png,627
images-00830.png,628
images-00831.png,629
images-00832.png,630
images-00833.png,631
images-00834.png,632
images-00835.png,633
images-00836.png,634
images-00837.png,635
images-00838.png,636
images-00839.png,637
images-00840.png,638
images-00841.png,639
images-00842.png,640
images-00843.png,641
images-00844.png,642
images-00845.png,643
images-00846.png,644
images-00847.png,645
images-00848.png,646
images-00849.png,647
images-00850.png,648
images-00851.png,649
images-00852.png,650
images-00853.png,651
images-00854.png,652
images-00855.png,653
images-00856.png,654
images-00857.png,655
images-00858.png,656
images-00859.png,657
images-00860.png,658
images-00861.png,659
images-00862.png,660
images-00863.png,661
images-00864.png,662
images-00865.png,663
images-00866.png,664
images-00867.png,665
images-00868.png,666
images-00869.png,667
images-00870.png,668
images-00871.png,669
images-00872.png,670
images-00873.png,671
images-00874.png,672
images-00875.png,673
images-00876.png,674
images-00877.png,675
images-00878.png,676
images-00879.png,677
images-00880.png,678
images-00881.png,679
images-00882.png,680
images-00883.png,681
images-00884.png,682
images-00885.png,683
images-00886.png,684
images-00887.png,685
images-00888.png,686
images-00889.png,687
images-00890.png,688
images-00891.png,689
images-00892.png,690
images-00893.png,691
images-00894.png,692
images-00895.png,693
images-00896.png,694
images-00897.png,695
images-00898.png,696
images-00899.png,697
images-00900.png,698
images-00901.png,699
images-00902.png,700
images-00903.png,701
images-00904.png,702
images-00905.png,703
images-00906.png,704
images-00907.png,705
images-00908.png,706
images-00909.png,707
images-00910.png,708
images-00911.png,709
images-00912.png,710
images-00913.png,711
images-00914.png,712
images-00915.png,713
images-00916.png,714
images-00917.png,715
images-00918.png,716
images-00919.png,717
images-00920.png,718
images-00921.png,719
images-00922.png,720
images-00923.png,721
images-00924.png,722
images-00925.png,723
images-00926.png,724
images-00927.png,725
images-00928.png,726
images-00929.png,727
images-00930.png,728
images-00931.png,729
images-00932.png,730
images-00933.png,731
images-00934.png,732
images-00935.png,733
images-00936.png,734
images-00937.png,735
images-00938.png,736
images-00939.png,737
images-00940.png,738
images-00941.png,739
images-00942.png,740
images-00943.png,741
images-00944.png,742
images-00945.png,743
images-00946.png,744
images-00947.png,745
images-00948.png,746
images-00949.png,747
images-00950.png,748
images-00951.png,749
images-00952.png,750
images-00953.png,751
images-00954.png,752
images-00955.png,753
images-00956.png,754
images-00957.png,755
images-00958.png,756
images-00959.png,757
images-00960.png,758
images-00961.png,759
images-00962.png,760
images-00963.png,761
images-00964.png,762
images-00965.png,763
images-00966.png,764
images-00967.png,765
images-00968.png,766
images-00969.png,767
images-00970.png,768
images-00971.png,769
images-00972.png,770
images-00973.png,771
images-00974.png,772
images-00975.png,773
images-00976.png,774
images-00977.png,775
images-00978.png,776
images-00979.png,777
images-00980.png,778
images-00981.png,779
images-00982.png,780
images-00983.png,781
images-00984.png,782
images-00985.png,783
images-00986.png,784
images-00987.png,785
images-00988.png,786
images-00989.png,787
images-00990.png,788
images-00991.png,789
images-00992.png,790
images-00993.png,791
images-00994.png,792
images-00995.png,793
images-00996.png,794
images-00997.png,795
images-00998.png,796
images-00999.png,797
images-01000.png,798
images-01001.png,799
images-01002.png,800
images-01003.png,801
images-01004.png,802
images-01005.png,803
images-01006.png,804
images-01007.png,805
images-01008.png,806
images-01009.png,807
images-01010.png,808
images-01011.png,809
images-01012.png,810
images-01013.png,811
images-01014.png,812
images-01015.png,813
images-01016.png,814
images-01017.png,815
images-01018.png,816
images-01019.png,817
images-01020.png,818
images-01021.png,819
images-01022.png,820
images-01023.png,821
images-01024.png,822
images-01025.png,823
images-01026.png,824
images-01027.png,825
images-01028.png,826
images-01029.png,827
images-01030.png,828
images-01031.png,829
images-01032.png,830
images-01033.png,831
images-01034.png,832
images-01035.png,833
images-01036.png,834
images-01037.png,835
images-01038.png,836
images-01039.png,837
images-01040.png,838
images-01041.png,839
images-01042.png,840
images-01043.png,841
images-01044.png,842
images-01045.png,843
images-01046.png,844
images-01047.png,845
images-01048.png,846
images-01049.png,847
images-01050.png,848
images-01051.png,849
images-01052.png,850
images-01053.png,851
images-01054.png,852
images-01055.png,853
images-01056.png,854
images-01057.png,855
images-01058.png,856
images-01059.png,857
images-01060.png,858
images-01061.png,859
images-01062.png,860
images-01063.png,861
images-01064.png,862
images-01065.png,863
images-01066.png,864
images-01067.png,865
images-01068.png,866
images-01069.png,867
images-01070.png,868
images-01071.png,869
images-01072.png,870
images-01073.png,871
images-01074.png,872
images-01075.png,873
images-01076.png,874
images-01077.png,875
images-01078.png,876
images-01079.png,877
images-01080.png,878
images-01081.png,879
images-01082.png,880
images-01083.png,881
images-01084.png,882
images-01085.png,883
images-01086.png,884
images-01087.png,885
images-01088.png,886
images-01089.png,887
images-01090.png,888
images-01091.png,889
images-01092.png,890
images-01093.png,891
images-01094.png,892
images-01095.png,893
images-01096.png,894
images-01097.png,895
images-01098.png,896
images-01099.png,897
images-01100.png,898
images-01101.png,899
images-01102.png,900
images-01103.png,901
images-01104.png,902
images-01105.png,903
images-01106.png,904
images-01107.png,905
images-01108.png,906
images-01109.png,907
images-01110.png,908
images-01111.png,909
images-01112.png,910
images-01113.png,911
images-01114.png,912
images-01115.png,913
images-01116.png,914
images-01117.png,915
images-01118.png,916
images-01119.png,917
images-01120.png,918
images-01121.png,919
images-01122.png,920
images-01123.png,921
images-01124.png,922
images-01125.png,923
images-01126.png,924
images-01127.png,925
images-01128.png,926
images-01129.png,927
images-01130.png,928
images-01131.png,929
images-01132.png,930
images-01133.png,931
images-01134.png,932
images-01135.png,933
images-01136.png,934
images-01137.png,935
images-01138.png,936
images-01139.png,937
images-01140.png,938
images-01141.png,939
images-01142.png,940
images-01143.png,941
images-01144.png,942
images-01145.png,943
images-01146.png,944
images-01147.png,945
images-01148.png,946
images-01149.png,947
images-01150.png,948
images-01151.png,949
images-01152.png,950
images-01153.png,951
images-01154.png,952
images-01155.png,953
images-01156.png,954
images-01157.png,955
images-01158.png,956
images-01159.png,957
images-01160.png,958
images-01161.png,959
images-01162.png,960
images-01163.png,961
images-01164.png,962
images-01165.png,963
images-01166.png,964
images-01167.png,965
images-01168.png,966
images-01169.png,967
images-01170.png,968
images-01171.png,969
images-01172.png,970
images-01173.png,971
images-01174.png,972
images-01175.png,973
images-01176.png,974
images-01177.png,975
images-01178.png,976
images-01179.png,977
images-01180.png,978
images-01181.png,979
images-01182.png,980
images-01183.png,981
images-01184.png,982
images-01185.png,983
images-01186.png,984
images-01187.png,985
images-01188.png,986
images-01189.png,987
images-01190.png,988
images-01191.png,989
images-01192.png,990
images-01193.png,991
images-01194.png,992
images-01195.png,993
images-01196.png,994
images-01197.png,995
images-01198.png,996
images-01199.png,997
images-01200.png,998
images-01201.png,999
images-01202.png,1000
images-01203.png,1001
images-01204.png,1002
images-01205.png,1003
images-01206.png,1004
images-01207.png,1005
images-01208.png,1006
images-01209.png,1007
images-01210.png,1008
images-01211.png,1009
images-01212.png,1010
images-01213.png,1011
images-01214.png,1012
images-01215.png,1013
images-01216.png,1014
images-01217.png,1015
images-01218.png,1016
images-01219.png,1017
images-01220.png,1018
images-01221.png,1019
images-01222.png,1020
images-01223.png,1021
images-01224.png,1022
images-01225.png,1023
images-01226.png,1024
images-01227.png,1025
images-01228.png,1026
images-01229.png,1027
images-01230.png,1028
images-01231.png,1029
images-01232.png,1030
images-01233.png,1031
images-01234.png,1032
images-01235.png,1033
images-01236.png,1034
images-01237.png,1035
images-01238.png,1036
images-01239.png,1037
images-01240.png,1038
images-01241.png,1039
images-01242.png,1040
images-01243.png,1041
images-01244.png,1042
images-01245.png,1043
images-01246.png,1044
images-01247.png,1045
images-01248.png,1046
images-01249.png,1047
images-01250.png,1048
images-01251.png,1049
images-01252.png,1050
images-01253.png,1051
images-01254.png,1052
images-01255.png,1053
images-01256.png,1054
images-01257.png,1055
images-01258.png,1056
images-01259.png,1057
images-01810.png,1058
images-01811.png,1059
images-01812.png,1060
images-01813.png,1061
images-01814.png,1062
images-01815.png,1063
images-01816.png,1064
images-01817.png,1065
images-01818.png,1066
images-01819.png,1067
images-01820.png,1068
images-01821.png,1069
images-01822.png,1070
images-01823.png,1071
images-01824.png,1072
images-01825.png,1073
images-01826.png,1074
images-01827.png,1075
images-01828.png,1076
images-01829.png,1077
images-01830.png,1078
images-01831.png,1079
images-01832.png,1080
images-01833.png,1081
images-01834.png,1082
images-01835.png,1083
images-01836.png,1084
images-01837.png,1085
images-01838.png,1086
images-01839.png,1087
images-01840.png,1088
images-01841.png,1089
images-01842.png,1090
images-01843.png,1091
images-01844.png,1092
images-01845.png,1093
images-01846.png,1094
images-01847.png,1095
images-01848.png,1096
images-01849.png,1097
images-01850.png,1098
images-01851.png,1099
images-01852.png,1100
images-01853.png,1101
images-01854.png,1102
images-01855.png,1103
images-01856.png,1104
images-01857.png,1105
images-01858.png,1106
images-01859.png,1107
images-01860.png,1108
images-01861.png,1109
images-01862.png,1110
images-01863.png,1111
images-01864.png,1112
images-01865.png,1113
images-01866.png,1114
images-01867.png,1115
images-01868.png,1116
images-01869.png,1117
images-02029.png,1118
images-02030.png,1119
images-02031.png,1120
images-02032.png,1121
images-02033.png,1122
images-02034.png,1123
images-02035.png,1124
images-02036.png,1125
images-02037.png,1126
images-02038.png,1127
images-02039.png,1128
images-02040.png,1129
images-02041.png,1130
images-02042.png,1131
images-02043.png,1132
images-02044.png,1133
images-02045.png,1134
images-02046.png,1135
images-02047.png,1136
images-02048.png,1137
images-02049.png,1138
images-02050.png,1139
images-02051.png,1140
images-02052.png,1141
images-02053.png,1142
images-02054.png,1143
images-02055.png,1144
images-02056.png,1145
images-02057.png,1146
images-02058.png,1147
images-02059.png,1148
images-02060.png,1149
images-02061.png,1150
images-02062.png,1151
images-02063.png,1152
images-02064.png,1153
images-02065.png,1154
images-02066.png,1155
images-02067.png,1156
images-02068.png,1157
images-02069.png,1158
images-02070.png,1159
images-02071.png,1160
images-02072.png,1161
images-02073.png,1162
images-02074.png,1163
images-02075.png,1164
images-02076.png,1165
images-02077.png,1166
images-02078.png,1167
images-02079.png,1168
images-02080.png,1169
images-02081.png,1170
images-02082.png,1171
images-02083.png,1172
images-02084.png,1173
images-02085.png,1174
images-02086.png,1175
images-02087.png,1176
images-02088.png,1177
images-02089.png,1178
images-02090.png,1179
images-02091.png,1180
images-02092.png,1181
images-02093.png,1182
images-02094.png,1183
images-02095.png,1184
images-02096.png,1185
images-02097.png,1186
images-02098.png,1187
images-02099.png,1188
images-02100.png,1189
images-02101.png,1190
images-02102.png,1191
images-02103.png,1192
images-02104.png,1193
images-02105.png,1194
images-02106.png,1195
images-02107.png,1196
images-02108.png,1197
images-02109.png,1198
images-02110.png,1199
images-02111.png,1200
images-02112.png,1201
images-02113.png,1202
images-02114.png,1203
images-02115.png,1204
images-02116.png,1205
images-02117.png,1206
images-02118.png,1207
images-02119.png,1208
images-02120.png,1209
images-02121.png,1210
images-02122.png,1211
images-02123.png,1212
images-02124.png,1213
images-02125.png,1214
images-02126.png,1215
images-02127.png,1216
images-02128.png,1217
images-02129.png,1218
images-02130.png,1219
images-02131.png,1220
images-02132.png,1221
images-02133.png,1222
images-02134.png,1223
images-02135.png,1224
images-02136.png,1225
images-02137.png,1226
images-02138.png,1227
images-02139.png,1228
images-02140.png,1229
images-02141.png,1230
images-02142.png,1231
images-02143.png,1232
images-02144.png,1233
images-02145.png,1234
images-02146.png,1235
images-02147.png,1236
images-02148.png,1237
images-02149.png,1238
images-02150.png,1239
images-02151.png,1240
images-02152.png,1241
images-02153.png,1242
images-02154.png,1243
images-02155.png,1244
images-02156.png,1245
images-02157.png,1246
images-02158.png,1247
images-02159.png,1248
images-02160.png,1249
images-02161.png,1250
images-02162.png,1251
images-02163.png,1252
images-02164.png,1253
images-02165.png,1254
images-02166.png,1255
images-02167.png,1256
images-02168.png,1257
images-02169.png,1258
images-02170.png,1259
images-02171.png,1260
images-02172.png,1261
images-02173.png,1262
images-02174.png,1263
images-02175.png,1264
images-02176.png,1265
images-02177.png,1266
images-02178.png,1267
images-02179.png,1268
images-02180.png,1269
images-02181.png,1270
images-02182.png,1271
images-02183.png,1272
images-02184.png,1273
images-02185.png,1274
images-02186.png,1275
images-02187.png,1276
images-02333.png,1277
images-02334.png,1278
images-02335.png,1279
images-02336.png,1280
images-02337.png,1281
images-02338.png,1282
images-02339.png,1283
images-02340.png,1284
images-02355.png,1285
images-02356.png,1286
images-02357.png,1287
images-02358.png,1288
images-02359.png,1289
images-02360.png,1290
images-02361.png,1291
images-02362.png,1292
images-02363.png,1293
images-02364.png,1294
images-02365.png,1295
images-02366.png,1296
images-02367.png,1297
images-02368.png,1298
images-02369.png,1299
images-02370.png,1300
images-02371.png,1301
images-02372.png,1302
images-02373.png,1303
images-02374.png,1304
images-02375.png,1305
images-02376.png,1306
images-02377.png,1307
images-02378.png,1308
images-02379.png,1309
images-02380.png,1310
images-02381.png,1311
images-02382.png,1312
images-02383.png,1313
images-02384.png,1314
images-02385.png,1315
images-02386.png,1316
images-02387.png,1317
images-02388.png,1318
images-02389.png,1319
images-02390.png,1320
images-02391.png,1321
images-02392.png,1322
images-02393.png,1323
images-02394.png,1324
images-02395.png,1325
images-02396.png,1326
images-02397.png,1327
images-02398.png,1328
images-02399.png,1329
images-02400.png,1330
images-02401.png,1331
images-02402.png,1332
images-02403.png,1333
images-02404.png,1334
images-02405.png,1335
images-02406.png,1336
images-02407.png,1337
images-02408.png,1338
images-02409.png,1339
images-02410.png,1340
images-02411.png,1341
images-02412.png,1342
images-02413.png,1343
images-02414.png,1344
images-02415.png,1345
images-02416.png,1346
images-02417.png,1347
images-02418.png,1348
images-02419.png,1349
images-02420.png,1350
images-02421.png,1351
images-02422.png,1352
images-02423.png,1353
images-02424.png,1354
images-02425.png,1355
images-02426.png,1356
images-02427.png,1357
images-02428.png,1358
images-02429.png,1359
images-02430.png,1360
images-02431.png,1361
images-02432.png,1362
images-02433.png,1363
images-02434.png,1364
images-02435.png,1365
images-02436.png,1366
images-02437.png,1367
images-02438.png,1368
images-02439.png,1369
images-02440.png,1370
images-02441.png,1371
images-02442.png,1372
images-02443.png,1373
images-02444.png,1374
images-02445.png,1375
images-02446.png,1376
images-02447.png,1377
images-02448.png,1378
images-02449.png,1379
images-02450.png,1380
images-02451.png,1381
images-02452.png,1382
images-02453.png,1383
images-02454.png,1384
images-02455.png,1385
images-02456.png,1386
images-02457.png,1387
images-02458.png,1388
images-02459.png,1389
images-02460.png,1390
images-02461.png,1391
images-02462.png,1392
images-02463.png,1393
images-02464.png,1394
images-02465.png,1395
images-02466.png,1396
images-02467.png,1397
images-02468.png,1398
images-02469.png,1399
images-02470.png,1400
images-02471.png,1401
images-02472.png,1402
images-02473.png,1403
images-02474.png,1404
images-02475.png,1405
images-02476.png,1406
images-02477.png,1407
images-02478.png,1408
images-02479.png,1409
images-02480.png,1410
images-02481.png,1411
images-02482.png,1412
images-02483.png,1413
images-02675.png,1414
images-02676.png,1415
images-02677.png,1416
images-02678.png,1417
images-02679.png,1418
images-02680.png,1419
images-02681.png,1420
images-02682.png,1421
images-02683.png,1422
images-02684.png,1423
images-02685.png,1424
images-02686.png,1425
images-02687.png,1426
images-02688.png,1427
images-02689.png,1428
images-02690.png,1429
images-02691.png,1430
images-02692.png,1431
images-02693.png,1432
images-02694.png,1433
images-02695.png,1434
images-02696.png,1435
images-02697.png,1436
images-02698.png,1437
images-02699.png,1438
images-02700.png,1439
images-02701.png,1440
images-02702.png,1441
images-02703.png,1442
images-02704.png,1443
images-02705.png,1444
images-02706.png,1445
images-02707.png,1446
images-02708.png,1447
images-02709.png,1448
images-02710.png,1449
images-02711.png,1450
images-02712.png,1451
images-02713.png,1452
images-02714.png,1453
images-02715.png,1454
images-02716.png,1455
images-02717.png,1456
images-02718.png,1457
images-02719.png,1458
images-02720.png,1459
images-02721.png,1460
images-02722.png,1461
images-02723.png,1462
images-02724.png,1463
images-02725.png,1464
images-02726.png,1465
images-02727.png,1466
images-02728.png,1467
images-02729.png,1468
images-02730.png,1469
images-02731.png,1470
images-02732.png,1471
images-02733.png,1472
images-02734.png,1473
images-02735.png,1474
images-02736.png,1475
images-02737.png,1476
images-02738.png,1477
images-02739.png,1478
images-02740.png,1479
images-02741.png,1480
images-02742.png,1481
images-02743.png,1482
images-02744.png,1483
images-02745.png,1484
images-02746.png,1485
images-02747.png,1486
images-02748.png,1487
images-02749.png,1488
images-02750.png,1489
images-02751.png,1490
images-02752.png,1491
images-02753.png,1492
images-02754.png,1493
images-02755.png,1494
images-02756.png,1495
images-02757.png,1496
images-02758.png,1497
images-02759.png,1498
images-02760.png,1499
images-02761.png,1500
images-02762.png,1501
images-02763.png,1502
images-02764.png,1503
images-02765.png,1504
images-02766.png,1505
images-02767.png,1506
images-02768.png,1507
images-02769.png,1508
images-02770.png,1509
images-02771.png,1510
images-02772.png,1511
images-02773.png,1512
images-02774.png,1513
images-02775.png,1514
images-02776.png,1515
images-02777.png,1516
images-02778.png,1517
images-02779.png,1518
images-02780.png,1519
images-02781.png,1520
images-02782.png,1521
images-02783.png,1522
images-02784.png,1523
images-02785.png,1524
images-02786.png,1525
images-02787.png,1526
images-02788.png,1527
images-02789.png,1528
images-02790.png,1529
images-02791.png,1530
images-02792.png,1531
images-02793.png,1532
images-02794.png,1533
images-02795.png,1534
images-02796.png,1535
images-02797.png,1536
images-02798.png,1537
images-02799.png,1538
images-02800.png,1539
images-02801.png,1540
images-02802.png,1541
images-02803.png,1542
images-02804.png,1543
images-02805.png,1544
images-02806.png,1545
images-02807.png,1546
images-02808.png,1547
images-02809.png,1548
images-02810.png,1549
images-02811.png,1550
images-02812.png,1551
images-02813.png,1552
images-02814.png,1553
images-02815.png,1554
images-02816.png,1555
images-02817.png,1556
images-02818.png,1557
images-02819.png,1558
images-02820.png,1559
images-02821.png,1560
images-02822.png,1561
images-02823.png,1562
images-02824.png,1563
images-02825.png,1564
images-02826.png,1565
images-02827.png,1566
images-02828.png,1567
images-02829.png,1568
images-02830.png,1569
images-02831.png,1570
images-02832.png,1571
images-02833.png,1572
images-02834.png,1573
images-02835.png,1574
images-02836.png,1575
images-02837.png,1576
images-02838.png,1577
images-02839.png,1578
images-02840.png,1579
images-02841.png,1580
images-02842.png,1581
images-02843.png,1582
images-02844.png,1583
images-02845.png,1584
images-02846.png,1585
images-02847.png,1586
images-02848.png,1587
images-02849.png,1588
images-02850.png,1589
images-02851.png,1590
images-02852.png,1591
images-02853.png,1592
images-02854.png,1593
images-02855.png,1594
images-02856.png,1595
images-02857.png,1596
images-02858.png,1597
images-02859.png,1598
images-02860.png,1599
images-02861.png,1600
images-02862.png,1601
images-02863.png,1602
images-02864.png,1603
images-02865.png,1604
images-02866.png,1605
images-02867.png,1606
images-02868.png,1607
images-02869.png,1608
images-02870.png,1609
images-02871.png,1610
images-02872.png,1611
images-02873.png,1612
images-02874.png,1613
images-02875.png,1614
images-02876.png,1615
images-02877.png,1616
images-02878.png,1617
images-02879.png,1618
images-02880.png,1619
images-02881.png,1620
images-02882.png,1621
images-02883.png,1622
images-02884.png,1623
images-02885.png,1624
images-02886.png,1625
images-02887.png,1626
images-02888.png,1627
images-02889.png,1628
images-02890.png,1629
images-02891.png,1630
images-02892.png,1631
images-02893.png,1632
images-02894.png,1633
images-02895.png,1634
images-02896.png,1635
images-02897.png,1636
images-02898.png,1637
images-02899.png,1638
images-02900.png,1639
images-02901.png,1640
images-02902.png,1641
images-02903.png,1642
images-02904.png,1643
images-02905.png,1644
images-02906.png,1645
images-02907.png,1646
images-02908.png,1647
images-02909.png,1648
images-02910.png,1649
images-02911.png,1650
images-02912.png,1651
images-02913.png,1652
images-02914.png,1653
images-02915.png,1654
images-02916.png,1655
images-02917.png,1656
images-02918.png,1657
images-02919.png,1658
images-02920.png,1659
images-02921.png,1660
images-02922.png,1661
images-02923.png,1662
images-02924.png,1663
images-02925.png,1664
images-02926.png,1665
images-02927.png,1666
images-02928.png,1667
images-02929.png,1668
images-02930.png,1669
images-02931.png,1670
images-02932.png,1671
images-02933.png,1672
images-02934.png,1673
images-02935.png,1674
images-02936.png,1675
images-02937.png,1676
images-02938.png,1677
images-02939.png,1678
images-02940.png,1679
images-02941.png,1680
images-02942.png,1681
images-02943.png,1682
images-02944.png,1683
images-02945.png,1684
images-02946.png,1685
images-02947.png,1686
images-02948.png,1687
images-02949.png,1688
images-02950.png,1689
images-02951.png,1690
images-02952.png,1691
images-02953.png,1692
images-02954.png,1693
images-02955.png,1694
images-02956.png,1695
images-02957.png,1696
images-02958.png,1697
images-02959.png,1698
images-02960.png,1699
images-02961.png,1700
images-02962.png,1701
images-02963.png,1702
images-02964.png,1703
images-02965.png,1704
images-02966.png,1705
images-02967.png,1706
images-02968.png,1707
images-02969.png,1708
images-02970.png,1709
images-02971.png,1710
images-02972.png,1711
images-02973.png,1712
images-02974.png,1713
images-02975.png,1714
images-02976.png,1715
images-02977.png,1716
images-02978.png,1717
images-02979.png,1718
images-02980.png,1719
images-02981.png,1720
images-02982.png,1721
images-02983.png,1722
images-02984.png,1723
images-02985.png,1724
images-02986.png,1725
images-02987.png,1726
images-02988.png,1727
images-02989.png,1728
images-02990.png,1729
images-02991.png,1730
images-02992.png,1731
images-02993.png,1732
images-02994.png,1733
images-02995.png,1734
images-02996.png,1735
images-02997.png,1736
images-02998.png,1737
images-02999.png,1738
images-03000.png,1739
images-03001.png,1740
images-03002.png,1741
images-03003.png,1742
images-03004.png,1743
images-03005.png,1744
images-03006.png,1745
images-03007.png,1746
images-03008.png,1747
images-03009.png,1748
images-03010.png,1749
images-03011.png,1750
images-03012.png,1751
images-03013.png,1752
images-03014.png,1753
images-03015.png,1754
images-03016.png,1755
images-03017.png,1756
images-03018.png,1757
images-03019.png,1758
images-03020.png,1759
images-03021.png,1760
images-03022.png,1761
images-03023.png,1762
images-03024.png,1763
images-03025.png,1764
images-03026.png,1765
images-03027.png,1766
images-03028.png,1767
images-03029.png,1768
images-03030.png,1769
images-03031.png,1770
images-03032.png,1771
images-03033.png,1772
images-03034.png,1773
images-03035.png,1774
images-03036.png,1775
images-03037.png,1776
images-03038.png,1777
images-03039.png,1778
images-03040.png,1779
images-03041.png,1780
images-03042.png,1781
images-03043.png,1782
images-03044.png,1783
images-03045.png,1784
images-03046.png,1785
images-03047.png,1786
images-03048.png,1787
images-03049.png,1788
images-03050.png,1789
images-03051.png,1790
images-03052.png,1791
images-03053.png,1792
images-03054.png,1793
images-03055.png,1794
images-03056.png,1795
images-03057.png,1796
images-03058.png,1797
images-03059.png,1798
images-03060.png,1799
images-03061.png,1800
images-03062.png,1801
images-03063.png,1802
images-03064.png,1803
images-03065.png,1804
images-03066.png,1805
images-03067.png,1806
images-03068.png,1807
images-03069.png,1808
images-03070.png,1809
images-03071.png,1810
images-03072.png,1811
images-03073.png,1812
images-03074.png,1813
images-03075.png,1814
images-03076.png,1815
images-03077.png,1816
images-03078.png,1817
images-03079.png,1818
images-03080.png,1819
images-03081.png,1820
images-03082.png,1821
images-03083.png,1822
images-03084.png,1823
images-03085.png,1824
images-03086.png,1825
images-03087.png,1826
images-03088.png,1827
images-03089.png,1828
images-03090.png,1829
images-03091.png,1830
images-03092.png,1831
images-03093.png,1832
images-03094.png,1833
images-03095.png,1834
images-03096.png,1835
images-03097.png,1836
images-03098.png,1837
images-03099.png,1838
images-03100.png,1839
images-03101.png,1840
images-03102.png,1841
images-03103.png,1842
images-03104.png,1843
images-03105.png,1844
images-03106.png,1845
images-03107.png,1846
images-03108.png,1847
images-03109.png,1848
images-03110.png,1849
images-03111.png,1850
images-03112.png,1851
images-03113.png,1852
images-03114.png,1853
images-03115.png,1854
images-03116.png,1855
images-03117.png,1856
images-03118.png,1857
images-03119.png,1858
images-03120.png,1859
images-03121.png,1860
images-03122.png,1861
images-03123.png,1862
images-03124.png,1863
images-03125.png,1864
images-03126.png,1865
images-03127.png,1866
images-03128.png,1867
images-03129.png,1868
images-03130.png,1869
images-03131.png,1870
images-03132.png,1871
images-03133.png,1872
images-03134.png,1873
images-03135.png,1874
images-03136.png,1875
images-03137.png,1876
images-03138.png,1877
images-03139.png,1878
images-03140.png,1879
images-03141.png,1880
images-03142.png,1881
images-03143.png,1882
images-03144.png,1883
images-03145.png,1884
images-03146.png,1885
images-03147.png,1886
images-03148.png,1887
images-03149.png,1888
images-03150.png,1889
images-03151.png,1890
images-03152.png,1891
images-03153.png,1892
images-03154.png,1893
images-03155.png,1894
images-03156.png,1895
images-03157.png,1896
images-03158.png,1897
images-03159.png,1898
images-03160.png,1899
images-03161.png,1900
images-03162.png,1901
images-03163.png,1902
images-03164.png,1903
images-03165.png,1904
images-03166.png,1905
images-03167.png,1906
images-03168.png,1907
images-03169.png,1908
images-03170.png,1909
images-03171.png,1910
images-03172.png,1911
images-03173.png,1912
images-03174.png,1913
images-03175.png,1914
images-03176.png,1915
images-03177.png,1916
images-03178.png,1917
images-03179.png,1918
images-03180.png,1919
images-03181.png,1920
images-03182.png,1921
images-03183.png,1922
images-03184.png,1923
images-03185.png,1924
images-03186.png,1925
images-03187.png,1926
images-03188.png,1927
images-03189.png,1928
images-03190.png,1929
images-03191.png,1930
images-03192.png,1931
images-03193.png,1932
images-03194.png,1933
images-03195.png,1934
images-03196.png,1935
images-03197.png,1936
images-03198.png,1937
images-03199.png,1938
images-03200.png,1939
images-03201.png,1940
images-03202.png,1941
images-03203.png,1942
images-03204.png,1943
images-03205.png,1944
images-03206.png,1945
images-03207.png,1946
images-03208.png,1947
images-03209.png,1948
images-03210.png,1949
images-03211.png,1950
images-03212.png,1951
images-03213.png,1952
images-03214.png,1953
images-03215.png,1954
images-03216.png,1955
images-03217.png,1956
images-03218.png,1957
images-03219.png,1958
images-03220.png,1959
images-03221.png,1960
images-03222.png,1961
images-03223.png,1962
images-03224.png,1963
images-03225.png,1964
images-03226.png,1965
images-03227.png,1966
images-03228.png,1967
images-03229.png,1968
images-03230.png,1969
images-03231.png,1970
images-03232.png,1971
images-03233.png,1972
images-03234.png,1973
images-03235.png,1974
images-03236.png,1975
images-03237.png,1976
images-03238.png,1977
images-03239.png,1978
images-03240.png,1979
images-03241.png,1980
images-03242.png,1981
images-03243.png,1982
images-03244.png,1983
images-03245.png,1984
images-03246.png,1985
images-03247.png,1986
images-03248.png,1987
images-03249.png,1988
images-03250.png,1989
images-03251.png,1990
images-03252.png,1991
images-03253.png,1992
images-03254.png,1993
images-03255.png,1994
images-03256.png,1995
images-03257.png,1996
images-03258.png,1997
images-03259.png,1998
images-03260.png,1999
images-03261.png,2000
images-03262.png,2001
images-03263.png,2002
images-03264.png,2003
images-03265.png,2004
images-03266.png,2005
images-03267.png,2006
images-03268.png,2007
images-03269.png,2008
images-03270.png,2009
images-03271.png,2010
images-03272.png,2011
images-03273.png,2012
images-03274.png,2013
images-03275.png,2014
images-03276.png,2015
images-03277.png,2016
images-03278.png,2017
images-03279.png,2018
images-03280.png,2019
images-03281.png,2020
images-03282.png,2021
images-03283.png,2022
images-03284.png,2023
images-03285.png,2024
images-03286.png,2025
images-03287.png,2026
images-03288.png,2027
images-03289.png,2028
images-03290.png,2029
images-03291.png,2030
images-03292.png,2031
images-03293.png,2032
images-03294.png,2033
images-03295.png,2034
images-03296.png,2035
images-03297.png,2036
images-03298.png,2037
images-03299.png,2038
images-03300.png,2039
images-03301.png,2040
images-03302.png,2041
images-03303.png,2042
images-03304.png,2043
images-03305.png,2044
images-03306.png,2045
images-03307.png,2046
images-03308.png,2047
images-03309.png,2048
images-03310.png,2049
images-03311.png,2050
images-03312.png,2051
images-03313.png,2052
images-03314.png,2053
images-03315.png,2054
images-03316.png,2055
images-03317.png,2056
images-03318.png,2057
images-03319.png,2058
images-03320.png,2059
images-03321.png,2060
images-03322.png,2061
images-03323.png,2062
images-03324.png,2063
images-03325.png,2064
images-03326.png,2065
images-03327.png,2066
images-03328.png,2067
images-03329.png,2068
images-03330.png,2069
images-03331.png,2070
images-03332.png,2071
images-03333.png,2072
images-03334.png,2073
images-03335.png,2074
images-03336.png,2075
images-03337.png,2076
images-03338.png,2077
images-03339.png,2078
images-03340.png,2079
images-03341.png,2080
images-03342.png,2081
images-03343.png,2082
images-03344.png,2083
images-03345.png,2084
images-03346.png,2085
images-03347.png,2086
images-03348.png,2087
images-03349.png,2088
images-03350.png,2089
images-03351.png,2090
images-03352.png,2091
images-03353.png,2092
images-03354.png,2093
images-03355.png,2094
images-03356.png,2095
images-03357.png,2096
images-03358.png,2097
images-03359.png,2098
images-03360.png,2099
images-03361.png,2100
images-03362.png,2101
images-03363.png,2102
images-03364.png,2103
images-03365.png,2104
images-03366.png,2105
images-03367.png,2106
images-03368.png,2107
images-03369.png,2108
images-03370.png,2109
images-03371.png,2110
images-03372.png,2111
images-03373.png,2112
images-03374.png,2113
images-03375.png,2114
images-03376.png,2115
images-03377.png,2116
images-03378.png,2117
images-03379.png,2118
images-03380.png,2119
images-03381.png,2120
images-03382.png,2121
images-03383.png,2122
images-03698.png,2123
images-03699.png,2124
images-03700.png,2125
images-03701.png,2126
images-03702.png,2127
images-03703.png,2128
images-03704.png,2129
images-03705.png,2130
images-03706.png,2131
images-03707.png,2132
images-03708.png,2133
images-03709.png,2134
images-03710.png,2135
images-03711.png,2136
images-03712.png,2137
images-03713.png,2138
images-03714.png,2139
images-03715.png,2140
images-03716.png,2141
images-03717.png,2142
images-03718.png,2143
images-03719.png,2144
images-03720.png,2145
images-03721.png,2146
images-03722.png,2147
images-03723.png,2148
images-03724.png,2149
images-03725.png,2150
images-03726.png,2151
images-03727.png,2152
images-03728.png,2153
images-03729.png,2154
images-03730.png,2155
images-03731.png,2156
images-03732.png,2157
images-03733.png,2158
images-03734.png,2159
images-03735.png,2160
images-03736.png,2161
images-03737.png,2162
images-03738.png,2163
images-03739.png,2164
images-03740.png,2165
images-03741.png,2166
images-03742.png,2167
images-03743.png,2168
images-03744.png,2169
images-03745.png,2170
images-03746.png,2171
images-03747.png,2172
images-03748.png,2173
images-03749.png,2174
images-03750.png,2175
images-03751.png,2176
images-03752.png,2177
images-03753.png,2178
images-03754.png,2179
images-03755.png,2180
images-03756.png,2181
images-03757.png,2182
images-03758.png,2183
images-03759.png,2184
images-03760.png,2185
images-03761.png,2186
images-03762.png,2187
images-03763.png,2188
images-03764.png,2189
images-03765.png,2190
images-03766.png,2191
images-03767.png,2192
images-03768.png,2193
images-03769.png,2194
images-03770.png,2195
images-03771.png,2196
images-03772.png,2197
images-03773.png,2198
images-03774.png,2199
images-03775.png,2200
images-03776.png,2201
images-03777.png,2202
images-03778.png,2203
images-03779.png,2204
images-03780.png,2205
images-03781.png,2206
images-03782.png,2207
images-03783.png,2208
images-03784.png,2209
images-03785.png,2210
images-03786.png,2211
images-03787.png,2212
images-03788.png,2213
images-03789.png,2214
images-03790.png,2215
images-03791.png,2216
images-03792.png,2217
images-03793.png,2218
images-03794.png,2219
images-03795.png,2220
images-03796.png,2221
images-03797.png,2222
images-03798.png,2223
images-03799.png,2224
images-03800.png,2225
images-03801.png,2226
images-03802.png,2227
images-03803.png,2228
images-03804.png,2229
images-03805.png,2230
images-03806.png,2231
images-03807.png,2232
images-03808.png,2233
images-03809.png,2234
images-03810.png,2235
images-03811.png,2236
images-03812.png,2237
images-03813.png,2238
images-03814.png,2239
images-03815.png,2240
images-03816.png,2241
images-03817.png,2242
images-03818.png,2243
images-03819.png,2244
images-03820.png,2245
images-03821.png,2246
images-03822.png,2247
images-03823.png,2248
images-03824.png,2249
images-03825.png,2250
images-03826.png,2251
images-03827.png,2252
images-03828.png,2253
images-03829.png,2254
images-03830.png,2255
images-03831.png,2256
images-03832.png,2257
images-03833.png,2258
images-03834.png,2259
images-03835.png,2260
images-03836.png,2261
images-03837.png,2262
images-03838.png,2263
images-03839.png,2264
images-03840.png,2265
images-03841.png,2266
images-03842.png,2267
images-03843.png,2268
images-03844.png,2269
images-03845.png,2270
images-03846.png,2271
images-03847.png,2272
images-03848.png,2273
images-03849.png,2274
images-03850.png,2275
images-03851.png,2276
images-03852.png,2277
images-03853.png,2278
images-03854.png,2279
images-03855.png,2280
images-03856.png,2281
images-03857.png,2282
images-03858.png,2283
images-03859.png,2284
images-03860.png,2285
images-03861.png,2286
images-03862.png,2287
images-03863.png,2288
images-03864.png,2289
images-03865.png,2290
images-03866.png,2291
images-03867.png,2292
images-03868.png,2293
images-03869.png,2294
images-03870.png,2295
images-03871.png,2296
images-03872.png,2297
images-03873.png,2298
images-03874.png,2299
images-03875.png,2300
images-03876.png,2301
images-03877.png,2302
images-03878.png,2303
images-03879.png,2304
images-03880.png,2305
images-03881.png,2306
images-03882.png,2307
images-03883.png,2308
images-03884.png,2309
images-03885.png,2310
images-03886.png,2311
images-03887.png,2312
images-03888.png,2313
images-03889.png,2314
images-03890.png,2315
images-03891.png,2316
images-03892.png,2317
images-03893.png,2318
images-03894.png,2319
images-03895.png,2320
images-03896.png,2321
images-03897.png,2322
images-03898.png,2323
images-03899.png,2324
images-03900.png,2325
images-03901.png,2326
images-03902.png,2327
images-03903.png,2328
images-03904.png,2329
images-03905.png,2330
images-03906.png,2331
images-03907.png,2332
images-03908.png,2333
images-03909.png,2334
images-03910.png,2335
images-03911.png,2336
images-03912.png,2337
images-03913.png,2338
images-03914.png,2339
images-03915.png,2340
images-03916.png,2341
images-03917.png,2342
images-03918.png,2343
images-03919.png,2344
images-03920.png,2345
images-03921.png,2346
images-03922.png,2347
images-03923.png,2348
images-03924.png,2349
images-03925.png,2350
images-03926.png,2351
images-03927.png,2352
images-03928.png,2353
images-03929.png,2354
images-03930.png,2355
images-03931.png,2356
images-03932.png,2357
images-03933.png,2358
images-03934.png,2359
images-03935.png,2360
images-03936.png,2361
images-03937.png,2362
images-03938.png,2363
images-03939.png,2364
images-03940.png,2365
images-03941.png,2366
images-03942.png,2367
images-03943.png,2368
images-03944.png,2369
images-03945.png,2370
images-03946.png,2371
images-03947.png,2372
images-03948.png,2373
images-03949.png,2374
images-03950.png,2375
images-03951.png,2376
images-03952.png,2377
images-03953.png,2378
images-03954.png,2379
images-03955.png,2380
images-03956.png,2381
images-03957.png,2382
images-03958.png,2383
images-03959.png,2384
images-03960.png,2385
images-03961.png,2386
images-03962.png,2387
images-03963.png,2388
images-03964.png,2389
images-03965.png,2390
images-03966.png,2391
images-03967.png,2392
images-03968.png,2393
images-03969.png,2394
images-03970.png,2395
images-03971.png,2396
images-03972.png,2397
images-03973.png,2398
images-03974.png,2399
images-03975.png,2400
images-03976.png,2401
images-03977.png,2402
images-03978.png,2403
images-03979.png,2404
images-03980.png,2405
images-03981.png,2406
images-03982.png,2407
images-03983.png,2408
images-03984.png,2409
images-03985.png,2410
images-03986.png,2411
images-03987.png,2412
images-03988.png,2413
images-03989.png,2414
images-03990.png,2415
images-03991.png,2416
images-03992.png,2417
images-03993.png,2418
images-03994.png,2419
images-03995.png,2420
images-03996.png,2421
images-03997.png,2422
images-03998.png,2423
images-03999.png,2424
images-04000.png,2425
images-04001.png,2426
images-04002.png,2427
images-04003.png,2428
images-04004.png,2429
images-04005.png,2430
images-04006.png,2431
images-04007.png,2432
images-04008.png,2433
images-04009.png,2434
images-04010.png,2435
images-04011.png,2436
images-04012.png,2437
images-04013.png,2438
images-04014.png,2439
images-04015.png,2440
images-04016.png,2441
images-04017.png,2442
images-04018.png,2443
images-04019.png,2444
images-04020.png,2445
images-04021.png,2446
images-04022.png,2447
images-04023.png,2448
images-04024.png,2449
images-04025.png,2450
images-04026.png,2451
images-04027.png,2452
images-04028.png,2453
images-04029.png,2454
images-04030.png,2455
images-04031.png,2456
images-04032.png,2457
images-04033.png,2458
images-04034.png,2459
images-04035.png,2460
images-04036.png,2461
images-04037.png,2462
images-04038.png,2463
images-04039.png,2464
images-04040.png,2465
images-04041.png,2466
images-04042.png,2467
images-04043.png,2468
images-04044.png,2469
images-04045.png,2470
images-04046.png,2471
images-04047.png,2472
images-04048.png,2473
images-04049.png,2474
images-04050.png,2475
images-04051.png,2476
images-04052.png,2477
images-04053.png,2478
images-04054.png,2479
images-04055.png,2480
images-04056.png,2481
images-04057.png,2482
images-04058.png,2483
images-04059.png,2484
images-04060.png,2485
images-04061.png,2486
images-04062.png,2487
images-04063.png,2488
images-04064.png,2489
images-04065.png,2490
images-04066.png,2491
images-04067.png,2492
images-04068.png,2493
images-04069.png,2494
images-04070.png,2495
images-04071.png,2496
images-04072.png,2497
images-04073.png,2498
images-04074.png,2499
images-04075.png,2500
images-04076.png,2501
images-04077.png,2502
images-04078.png,2503
images-04079.png,2504
images-04080.png,2505
images-04081.png,2506
images-04082.png,2507
images-04083.png,2508
images-04084.png,2509
images-04085.png,2510
images-04086.png,2511
images-04087.png,2512
images-04088.png,2513
images-04089.png,2514
images-04090.png,2515
images-04091.png,2516
images-04092.png,2517
images-04097.png,2518
images-04098.png,2519
images-04099.png,2520
images-04100.png,2521
images-04101.png,2522
images-04102.png,2523
images-04103.png,2524
images-04104.png,2525
images-04105.png,2526
images-04106.png,2527
images-04107.png,2528
images-04108.png,2529
images-04109.png,2530
images-04110.png,2531
images-04111.png,2532
images-04112.png,2533
images-04113.png,2534
images-04114.png,2535
images-04115.png,2536
images-04116.png,2537
images-04117.png,2538
images-04118.png,2539
images-04119.png,2540
images-04120.png,2541
images-04121.png,2542
images-04122.png,2543
images-04123.png,2544
images-04124.png,2545
images-04125.png,2546
images-04126.png,2547
images-04127.png,2548
images-04128.png,2549
images-04129.png,2550
images-04130.png,2551
images-04131.png,2552
images-04132.png,2553
images-04133.png,2554
images-04134.png,2555
images-04135.png,2556
images-04136.png,2557
images-04137.png,2558
images-04138.png,2559
images-04139.png,2560
images-04140.png,2561
images-04141.png,2562
images-04142.png,2563
images-04143.png,2564
images-04144.png,2565
images-04145.png,2566
images-04146.png,2567
images-04147.png,2568
images-04148.png,2569
images-04149.png,2570
images-04150.png,2571
images-04151.png,2572
images-04152.png,2573
images-04153.png,2574
images-04154.png,2575
images-04155.png,2576
images-04156.png,2577
images-04157.png,2578
images-04158.png,2579
images-04159.png,2580
images-04160.png,2581
images-04161.png,2582
images-04162.png,2583
images-04163.png,2584
images-04164.png,2585
images-04165.png,2586
images-04166.png,2587
images-04167.png,2588
images-04168.png,2589
images-04169.png,2590
images-04170.png,2591
images-04171.png,2592
images-04172.png,2593
images-04173.png,2594
images-04174.png,2595
images-04175.png,2596
images-04176.png,2597
images-04177.png,2598
images-04178.png,2599
images-04179.png,2600
images-04180.png,2601
images-04181.png,2602
images-04182.png,2603
images-04183.png,2604
images-04184.png,2605
images-04185.png,2606
images-04186.png,2607
images-04187.png,2608
images-04188.png,2609
images-04189.png,2610
images-04190.png,2611
images-04191.png,2612
images-04192.png,2613
images-04193.png,2614
images-04194.png,2615
images-04195.png,2616
images-04196.png,2617
images-04197.png,2618
images-04198.png,2619
images-04199.png,2620
images-04200.png,2621
images-04201.png,2622
images-04202.png,2623
images-04203.png,2624
images-04204.png,2625
images-04205.png,2626
images-04206.png,2627
images-04207.png,2628
images-04208.png,2629
images-04209.png,2630
images-04210.png,2631
images-04211.png,2632
images-04212.png,2633
images-04213.png,2634
images-04214.png,2635
images-04215.png,2636
images-04216.png,2637
images-04217.png,2638
images-04218.png,2639
images-04219.png,2640
images-04220.png,2641
images-04221.png,2642
images-04222.png,2643
images-04223.png,2644
images-04224.png,2645
images-04225.png,2646
images-04226.png,2647
images-04227.png,2648
images-04228.png,2649
images-04229.png,2650
images-04230.png,2651
images-04231.png,2652
images-04232.png,2653
images-04233.png,2654
images-04234.png,2655
images-04235.png,2656
images-04236.png,2657
images-04237.png,2658
images-04238.png,2659
images-04239.png,2660
images-04240.png,2661
images-04241.png,2662
images-04242.png,2663
images-04243.png,2664
images-04244.png,2665
images-04245.png,2666
images-04246.png,2667
images-04247.png,2668
images-04248.png,2669
images-04249.png,2670
images-04250.png,2671
images-04251.png,2672
images-04252.png,2673
images-04253.png,2674
images-04254.png,2675
images-04255.png,2676
images-04256.png,2677
images-04257.png,2678
images-04258.png,2679
images-04259.png,2680
images-04260.png,2681
images-04261.png,2682
images-04262.png,2683
images-04263.png,2684
images-04264.png,2685
images-04265.png,2686
images-04266.png,2687
images-04267.png,2688
images-04268.png,2689
images-04269.png,2690
images-04270.png,2691
images-04271.png,2692
images-04272.png,2693
images-04273.png,2694
images-04274.png,2695
images-04275.png,2696
images-04276.png,2697
images-04277.png,2698
images-04278.png,2699
images-04279.png,2700
images-04280.png,2701
images-04281.png,2702
images-04282.png,2703
images-04283.png,2704
images-04284.png,2705
images-04285.png,2706
images-04286.png,2707
images-04287.png,2708
images-04288.png,2709
images-04289.png,2710
images-04290.png,2711
images-04291.png,2712
images-04292.png,2713
images-04293.png,2714
images-04294.png,2715
images-04295.png,2716
images-04296.png,2717
images-04297.png,2718
images-04298.png,2719
images-04299.png,2720
images-04300.png,2721
images-04301.png,2722
images-04302.png,2723
images-04303.png,2724
images-04304.png,2725
images-04305.png,2726
images-04306.png,2727
images-04307.png,2728
images-04308.png,2729
images-04309.png,2730
images-04310.png,2731
images-04311.png,2732
images-04312.png,2733
images-04313.png,2734
images-04314.png,2735
images-04315.png,2736
images-04316.png,2737
images-04317.png,2738
images-04318.png,2739
images-04319.png,2740
images-04320.png,2741
images-04321.png,2742
images-04322.png,2743
images-04323.png,2744
images-04324.png,2745
images-04325.png,2746
images-04326.png,2747
images-04327.png,2748
images-04328.png,2749
images-04329.png,2750
images-04330.png,2751
images-04331.png,2752
images-04332.png,2753
images-04333.png,2754
images-04334.png,2755
images-04335.png,2756
images-04336.png,2757
images-04337.png,2758
images-04338.png,2759
images-04339.png,2760
images-04340.png,2761
images-04341.png,2762
images-04342.png,2763
images-04343.png,2764
images-04344.png,2765
images-04345.png,2766
images-04346.png,2767
images-04347.png,2768
images-04348.png,2769
images-04349.png,2770
images-04350.png,2771
images-04351.png,2772
images-04352.png,2773
images-04353.png,2774
images-04354.png,2775
images-04355.png,2776
images-04356.png,2777
images-04357.png,2778
images-04358.png,2779
images-04359.png,2780
images-04360.png,2781
images-04361.png,2782
images-04362.png,2783
images-04363.png,2784
images-04364.png,2785
images-04365.png,2786
images-04366.png,2787
images-04367.png,2788
images-04368.png,2789
images-04369.png,2790
images-04370.png,2791
images-04371.png,2792
images-04372.png,2793
images-04373.png,2794
images-04374.png,2795
images-04375.png,2796
images-04376.png,2797
images-04377.png,2798
images-04378.png,2799
images-04379.png,2800
images-04380.png,2801
images-04381.png,2802
images-04382.png,2803
images-04383.png,2804
images-04384.png,2805
images-04385.png,2806
images-04386.png,2807
images-04387.png,2808
images-04388.png,2809
images-04389.png,2810
images-04390.png,2811
images-04391.png,2812
images-04392.png,2813
images-04393.png,2814
images-04394.png,2815
images-04395.png,2816
images-04396.png,2817
images-04397.png,2818
images-04398.png,2819
images-04399.png,2820
images-04400.png,2821
images-04401.png,2822
images-04402.png,2823
images-04403.png,2824
images-04404.png,2825
images-04405.png,2826
images-04406.png,2827
images-04407.png,2828
images-04408.png,2829
images-04409.png,2830
images-04410.png,2831
images-04411.png,2832
images-04412.png,2833
images-04413.png,2834
images-04414.png,2835
images-04415.png,2836
images-04416.png,2837
images-04417.png,2838
images-04418.png,2839
images-04419.png,2840
images-04420.png,2841
images-04421.png,2842
images-04422.png,2843
images-04423.png,2844
images-04424.png,2845
images-04425.png,2846
images-04426.png,2847
images-04427.png,2848
images-04428.png,2849
images-04429.png,2850
images-04430.png,2851
images-04431.png,2852
images-04432.png,2853
images-04433.png,2854
images-04434.png,2855
images-04435.png,2856
images-04436.png,2857
images-04437.png,2858
images-04438.png,2859
images-04439.png,2860
images-04440.png,2861
images-04441.png,2862
images-04442.png,2863
images-04443.png,2864
images-04444.png,2865
images-04445.png,2866
images-04446.png,2867
images-04447.png,2868
images-04448.png,2869
images-04449.png,2870
images-04450.png,2871
images-04451.png,2872
images-04452.png,2873
images-04453.png,2874
images-04454.png,2875
images-04455.png,2876
images-04456.png,2877
images-04457.png,2878
images-04458.png,2879
images-04459.png,2880
images-04460.png,2881
images-04461.png,2882
images-04462.png,2883
images-04463.png,2884
images-04464.png,2885
images-04465.png,2886
images-04466.png,2887
images-04467.png,2888
images-04468.png,2889
images-04469.png,2890
images-04470.png,2891
images-04471.png,2892
images-04472.png,2893
images-04473.png,2894
images-04474.png,2895
images-04475.png,2896
images-04476.png,2897
images-04477.png,2898
images-04478.png,2899
images-04479.png,2900
images-04480.png,2901
images-04481.png,2902
images-04482.png,2903
images-04483.png,2904
images-04484.png,2905
images-04485.png,2906
images-04486.png,2907
images-04487.png,2908
images-04488.png,2909
images-04489.png,2910
images-04490.png,2911
images-04491.png,2912
images-04492.png,2913
images-04493.png,2914
images-04494.png,2915
images-04495.png,2916
images-04496.png,2917
images-04497.png,2918
images-04498.png,2919
images-04499.png,2920
images-04500.png,2921
images-04501.png,2922
images-04502.png,2923
images-04503.png,2924
images-04504.png,2925
images-04505.png,2926
images-04506.png,2927
images-04507.png,2928
images-04508.png,2929
images-04509.png,2930
images-04510.png,2931
images-04511.png,2932
images-04512.png,2933
images-04513.png,2934
images-04514.png,2935
images-04515.png,2936
images-04516.png,2937
images-04517.png,2938
images-04518.png,2939
images-04519.png,2940
images-04520.png,2941
images-04521.png,2942
images-04522.png,2943
images-04523.png,2944
images-04524.png,2945
images-04525.png,2946
images-04526.png,2947
images-04527.png,2948
images-04528.png,2949
images-04529.png,2950
images-04530.png,2951
images-04531.png,2952
images-04532.png,2953
images-04533.png,2954
images-04534.png,2955
images-04535.png,2956
images-04536.png,2957
images-04537.png,2958
images-04538.png,2959
images-04539.png,2960
images-04540.png,2961
images-04541.png,2962
images-04542.png,2963
images-04543.png,2964
images-04544.png,2965
images-04545.png,2966
images-04546.png,2967
images-04547.png,2968
images-04548.png,2969
images-04549.png,2970
images-04550.png,2971
images-04551.png,2972
images-04552.png,2973
images-04553.png,2974
images-04554.png,2975
images-04555.png,2976
images-04556.png,2977
images-04557.png,2978
images-04558.png,2979
images-04559.png,2980
images-04560.png,2981
images-04561.png,2982
images-04562.png,2983
images-04563.png,2984
images-04564.png,2985
images-04565.png,2986
images-04566.png,2987
images-04567.png,2988
images-04568.png,2989
images-04569.png,2990
images-04570.png,2991
images-04571.png,2992
images-04572.png,2993
images-04573.png,2994
images-04574.png,2995
images-04575.png,2996
images-04576.png,2997
images-04577.png,2998
images-04578.png,2999
images-04579.png,3000
images-04580.png,3001
images-04581.png,3002
images-04582.png,3003
images-04583.png,3004
images-04584.png,3005
images-04585.png,3006
images-04586.png,3007
images-04587.png,3008
images-04588.png,3009
images-04589.png,3010
images-04590.png,3011
images-04591.png,3012
images-04592.png,3013
images-04593.png,3014
images-04594.png,3015
images-04595.png,3016
images-04596.png,3017
images-04597.png,3018
images-04598.png,3019
images-04599.png,3020
images-04600.png,3021
images-04601.png,3022
images-04602.png,3023
images-04603.png,3024
images-04604.png,3025
images-04605.png,3026
images-04606.png,3027
images-04607.png,3028
images-04608.png,3029
images-04609.png,3030
images-04610.png,3031
images-04611.png,3032
images-04612.png,3033
images-04613.png,3034
images-04614.png,3035
images-04615.png,3036
images-04616.png,3037
images-04617.png,3038
images-04618.png,3039
images-04619.png,3040
images-04620.png,3041
images-04621.png,3042
images-04622.png,3043
images-04623.png,3044
images-04624.png,3045
images-04625.png,3046
images-04626.png,3047
images-04627.png,3048
images-04628.png,3049
images-04629.png,3050
images-04630.png,3051
images-04631.png,3052
images-04632.png,3053
images-04633.png,3054
images-04634.png,3055
images-04635.png,3056
images-04636.png,3057
images-04637.png,3058
images-04638.png,3059
images-04639.png,3060
images-04640.png,3061
images-04641.png,3062
images-04642.png,3063
images-04643.png,3064
images-04644.png,3065
images-04645.png,3066
images-04646.png,3067
images-04647.png,3068
images-04648.png,3069
images-04649.png,3070
images-04650.png,3071
images-04651.png,3072
images-04652.png,3073
images-04653.png,3074
images-04654.png,3075
images-04655.png,3076
images-04656.png,3077
images-04657.png,3078
images-04658.png,3079
images-04659.png,3080
images-04660.png,3081
images-04661.png,3082
images-04662.png,3083
images-04663.png,3084
images-04664.png,3085
images-04665.png,3086
images-04666.png,3087
images-04667.png,3088
images-04668.png,3089
images-04669.png,3090
images-04670.png,3091
images-04671.png,3092
images-04672.png,3093
images-04673.png,3094
images-04674.png,3095
images-04675.png,3096
images-04676.png,3097
images-04677.png,3098
images-04678.png,3099
images-04679.png,3100
images-04680.png,3101
images-04681.png,3102
images-04682.png,3103
images-04683.png,3104
images-04684.png,3105
images-04685.png,3106
images-04686.png,3107
images-04687.png,3108
images-04688.png,3109
images-04689.png,3110
images-04690.png,3111
images-04691.png,3112
images-04692.png,3113
images-04693.png,3114
images-04694.png,3115
images-04695.png,3116
images-04696.png,3117
images-04697.png,3118
images-04698.png,3119
images-04699.png,3120
images-04700.png,3121
images-04701.png,3122
images-04702.png,3123
images-04703.png,3124
images-04704.png,3125
images-04705.png,3126
images-04706.png,3127
images-04707.png,3128
images-04708.png,3129
images-04709.png,3130
images-04710.png,3131
images-04711.png,3132
images-04712.png,3133
images-04713.png,3134
images-04714.png,3135
images-04715.png,3136
images-04716.png,3137
images-04717.png,3138
images-04718.png,3139
images-04719.png,3140
images-04720.png,3141
images-04721.png,3142
images-04722.png,3143
images-04723.png,3144
images-04724.png,3145
images-04725.png,3146
images-04726.png,3147
images-04727.png,3148
images-04728.png,3149
images-04729.png,3150
images-04730.png,3151
images-04731.png,3152
images-04732.png,3153
images-04733.png,3154
images-04734.png,3155
images-04735.png,3156
images-04736.png,3157
images-04737.png,3158
images-04738.png,3159
images-04739.png,3160
images-04740.png,3161
images-04741.png,3162
images-04742.png,3163
images-04743.png,3164
images-04744.png,3165
images-04745.png,3166
images-04746.png,3167
images-04747.png,3168
images-04748.png,3169
images-04749.png,3170
images-04750.png,3171
images-04751.png,3172
images-04752.png,3173
images-04753.png,3174
images-04754.png,3175
images-04755.png,3176
images-04756.png,3177
images-04757.png,3178
images-04758.png,3179
images-04759.png,3180
images-04760.png,3181
images-04761.png,3182
images-04762.png,3183
images-04763.png,3184
images-04764.png,3185
images-04765.png,3186
images-04766.png,3187
images-04767.png,3188
images-04768.png,3189
images-04769.png,3190
images-04770.png,3191
images-04771.png,3192
images-04772.png,3193
images-04773.png,3194
images-04774.png,3195
images-04775.png,3196
images-04776.png,3197
images-04777.png,3198
images-04778.png,3199
images-04779.png,3200
images-04780.png,3201
images-04781.png,3202
images-04782.png,3203
images-04783.png,3204
images-04784.png,3205
images-04785.png,3206
images-04786.png,3207
images-04787.png,3208
images-04788.png,3209
images-04789.png,3210
images-04790.png,3211
images-04791.png,3212
images-04792.png,3213
images-04793.png,3214
images-04794.png,3215
images-04795.png,3216
images-04796.png,3217
images-04797.png,3218
images-04798.png,3219
images-04799.png,3220
images-04800.png,3221
images-04801.png,3222
images-04802.png,3223
images-04803.png,3224
images-04804.png,3225
images-04805.png,3226
images-04806.png,3227
images-04807.png,3228
images-04808.png,3229
images-04809.png,3230
images-04810.png,3231
images-04811.png,3232
images-04812.png,3233
images-04813.png,3234
images-04814.png,3235
images-04815.png,3236
images-04816.png,3237
images-04817.png,3238
images-04818.png,3239
images-04819.png,3240
images-04820.png,3241
images-04821.png,3242
images-04822.png,3243
images-04823.png,3244
images-04824.png,3245
images-04825.png,3246
images-04826.png,3247
images-04827.png,3248
images-04828.png,3249
images-04829.png,3250
images-04830.png,3251
images-04831.png,3252
images-04832.png,3253
images-04833.png,3254
images-04834.png,3255
images-04835.png,3256
images-04836.png,3257
images-04837.png,3258
images-04838.png,3259
images-04839.png,3260
images-04840.png,3261
images-04841.png,3262
images-04842.png,3263
images-04843.png,3264
images-04844.png,3265
images-04845.png,3266
images-04846.png,3267
images-04847.png,3268
images-04848.png,3269
images-04849.png,3270
images-04850.png,3271
images-04851.png,3272
images-04852.png,3273
images-04853.png,3274
images-04854.png,3275
images-04855.png,3276
images-04856.png,3277
images-04857.png,3278
images-04858.png,3279
images-04859.png,3280
images-04860.png,3281
images-04861.png,3282
images-04862.png,3283
images-04863.png,3284
images-04864.png,3285
images-04865.png,3286
images-04866.png,3287
images-04867.png,3288
images-04868.png,3289
images-04869.png,3290
images-04870.png,3291
images-04871.png,3292
images-04872.png,3293
images-04873.png,3294
images-04874.png,3295
images-04875.png,3296
images-04876.png,3297
images-04877.png,3298
images-04878.png,3299
images-04879.png,3300
images-04880.png,3301
images-04881.png,3302
images-04882.png,3303
images-04883.png,3304
images-04884.png,3305
images-04885.png,3306
images-04886.png,3307
images-04887.png,3308
images-04888.png,3309
images-04889.png,3310
images-04890.png,3311
images-04891.png,3312
images-04892.png,3313
images-04893.png,3314
images-04894.png,3315
images-04895.png,3316
images-04896.png,3317
images-04897.png,3318
images-04898.png,3319
images-04899.png,3320
images-04900.png,3321
images-04901.png,3322
images-04902.png,3323
images-04903.png,3324
images-04904.png,3325
images-04905.png,3326
images-04906.png,3327
images-04907.png,3328
images-04908.png,3329
images-04909.png,3330
images-04910.png,3331
images-04911.png,3332
images-04912.png,3333
images-04913.png,3334
images-04914.png,3335
images-04915.png,3336
images-04916.png,3337
images-04917.png,3338
images-04918.png,3339
images-04919.png,3340
images-04920.png,3341
images-04921.png,3342
images-04922.png,3343
images-04923.png,3344
images-04924.png,3345
images-04925.png,3346
images-04926.png,3347
images-04927.png,3348
images-04928.png,3349
images-04929.png,3350
images-04930.png,3351
images-04931.png,3352
images-04932.png,3353
images-04933.png,3354
images-04934.png,3355
images-04935.png,3356
images-04936.png,3357
images-04937.png,3358
images-04938.png,3359
images-04939.png,3360
images-04940.png,3361
images-04941.png,3362
images-04942.png,3363
images-04943.png,3364
images-04944.png,3365
images-04945.png,3366
images-04946.png,3367
images-04947.png,3368
images-04948.png,3369
images-04949.png,3370
images-04950.png,3371
images-04951.png,3372
images-04952.png,3373
images-04953.png,3374
images-04954.png,3375
images-04955.png,3376
images-04956.png,3377
images-04957.png,3378
images-04958.png,3379
images-04959.png,3380
images-04960.png,3381
images-04961.png,3382
images-04962.png,3383
images-04963.png,3384
images-04964.png,3385
images-04965.png,3386
images-04966.png,3387
images-04967.png,3388
images-04968.png,3389
images-04969.png,3390
images-04970.png,3391
images-04971.png,3392
images-04972.png,3393
images-04973.png,3394
images-04974.png,3395
images-04975.png,3396
images-04976.png,3397
images-04977.png,3398
images-04978.png,3399
images-04979.png,3400
images-04980.png,3401
images-04981.png,3402
images-04982.png,3403
images-04983.png,3404
images-04984.png,3405
images-04985.png,3406
images-04986.png,3407
images-04987.png,3408
images-04988.png,3409
images-04989.png,3410
images-04990.png,3411
images-04991.png,3412
images-04992.png,3413
images-04993.png,3414
images-04994.png,3415
images-04995.png,3416
images-04996.png,3417
images-04997.png,3418
images-04998.png,3419
images-04999.png,3420
images-05000.png,3421
images-05001.png,3422
images-05002.png,3423
images-05003.png,3424
images-05004.png,3425
images-05005.png,3426
images-05006.png,3427
images-05007.png,3428
images-05008.png,3429
images-05009.png,3430
images-05010.png,3431
images-05011.png,3432
images-05012.png,3433
images-05013.png,3434
images-05014.png,3435
images-05015.png,3436
images-05016.png,3437
images-05017.png,3438
images-05018.png,3439
images-05019.png,3440
images-05020.png,3441
images-05021.png,3442
images-05022.png,3443
images-05023.png,3444
images-05024.png,3445
images-05025.png,3446
images-05026.png,3447
images-05027.png,3448
images-05028.png,3449
images-05029.png,3450
images-05030.png,3451
images-05031.png,3452
images-05032.png,3453
images-05033.png,3454
images-05034.png,3455
images-05035.png,3456
images-05036.png,3457
images-05037.png,3458
images-05038.png,3459
images-05039.png,3460
images-05040.png,3461
images-05479.png,3462
images-05480.png,3463
images-05481.png,3464
images-05482.png,3465
images-05483.png,3466
images-05484.png,3467
images-05485.png,3468
images-05486.png,3469
images-05487.png,3470
images-05488.png,3471
images-05489.png,3472
images-05490.png,3473
images-05491.png,3474
images-05492.png,3475
images-05493.png,3476
images-05494.png,3477
images-05495.png,3478
images-05496.png,3479
images-05497.png,3480
images-05498.png,3481
images-05499.png,3482
images-05500.png,3483
images-05501.png,3484
images-05502.png,3485
images-05503.png,3486
images-05504.png,3487
images-05505.png,3488
images-05506.png,3489
images-05507.png,3490
images-05508.png,3491
images-05509.png,3492
images-05510.png,3493
images-05511.png,3494
images-05512.png,3495
images-05513.png,3496
images-05514.png,3497
images-05515.png,3498
images-05516.png,3499
images-05517.png,3500
images-05518.png,3501
images-05519.png,3502
images-05520.png,3503
images-05521.png,3504
images-05522.png,3505
images-05523.png,3506
images-05524.png,3507
images-05525.png,3508
images-05526.png,3509
images-05527.png,3510
images-05528.png,3511
images-05529.png,3512
images-05530.png,3513
images-05531.png,3514
images-05532.png,3515
images-05533.png,3516
images-05534.png,3517
images-05535.png,3518
images-05536.png,3519
images-05537.png,3520
images-05538.png,3521
images-05539.png,3522
images-05540.png,3523
images-05541.png,3524
images-05542.png,3525
images-05543.png,3526
images-05544.png,3527
images-05545.png,3528
images-05546.png,3529
images-05547.png,3530
images-05548.png,3531
images-05549.png,3532
images-05550.png,3533
images-05551.png,3534
images-05552.png,3535
images-05553.png,3536
images-05554.png,3537
images-05555.png,3538
images-05556.png,3539
images-05557.png,3540
images-05558.png,3541
images-05559.png,3542
images-05560.png,3543
images-05561.png,3544
images-05562.png,3545
images-05563.png,3546
images-05564.png,3547
images-05565.png,3548
images-05566.png,3549
images-05567.png,3550
images-05568.png,3551
images-05569.png,3552
images-05570.png,3553
images-05571.png,3554
images-05572.png,3555
images-05573.png,3556
images-05574.png,3557
images-05575.png,3558
images-05576.png,3559
images-05577.png,3560
images-05578.png,3561
images-05579.png,3562
images-05580.png,3563
images-05581.png,3564
images-05582.png,3565
images-05583.png,3566
images-05584.png,3567
images-05585.png,3568
images-05586.png,3569
images-05587.png,3570
images-05588.png,3571
images-05589.png,3572
images-05590.png,3573
images-05591.png,3574
images-05592.png,3575
images-05593.png,3576
images-05594.png,3577
images-05595.png,3578
images-05596.png,3579
images-05597.png,3580
images-05598.png,3581
images-05599.png,3582
images-05600.png,3583
images-05601.png,3584
images-05602.png,3585
images-05603.png,3586
images-05604.png,3587
images-05605.png,3588
images-05606.png,3589
images-05607.png,3590
images-05608.png,3591
images-05609.png,3592
images-05610.png,3593
images-05611.png,3594
images-05612.png,3595
images-05613.png,3596
images-05614.png,3597
images-05615.png,3598
images-05616.png,3599
images-05617.png,3600
images-05618.png,3601
images-05619.png,3602
images-05620.png,3603
images-05621.png,3604
images-05622.png,3605
images-05623.png,3606
images-05624.png,3607
images-05625.png,3608
images-05626.png,3609
images-05627.png,3610
images-05628.png,3611
images-05629.png,3612
images-05630.png,3613
images-05631.png,3614
images-05632.png,3615
images-05633.png,3616
images-05634.png,3617
images-05635.png,3618
images-05636.png,3619
images-05637.png,3620
images-05638.png,3621
images-05639.png,3622
images-05640.png,3623
images-05641.png,3624
images-05642.png,3625
images-05643.png,3626
images-05644.png,3627
images-05645.png,3628
images-05646.png,3629
images-05647.png,3630
images-05648.png,3631
images-05649.png,3632
images-05650.png,3633
images-05651.png,3634
images-05652.png,3635
images-05653.png,3636
images-05654.png,3637
images-05655.png,3638
images-05656.png,3639
images-05657.png,3640
images-05658.png,3641
images-05659.png,3642
images-05660.png,3643
images-05661.png,3644
images-05662.png,3645
images-05663.png,3646
images-05664.png,3647
images-05665.png,3648
images-05666.png,3649
images-05667.png,3650
images-05668.png,3651
images-05669.png,3652
images-05670.png,3653
images-05671.png,3654
images-05672.png,3655
images-05673.png,3656
images-05674.png,3657
images-05675.png,3658
images-05676.png,3659
images-05677.png,3660
images-05678.png,3661
images-05679.png,3662
images-05680.png,3663
images-05681.png,3664
images-05682.png,3665
images-05683.png,3666
images-05684.png,3667
images-05685.png,3668
images-05686.png,3669
images-05687.png,3670
images-05688.png,3671
images-05689.png,3672
images-05690.png,3673
images-05691.png,3674
images-05692.png,3675
images-05693.png,3676
images-05694.png,3677
images-05695.png,3678
images-05696.png,3679
images-05697.png,3680
images-05698.png,3681
images-05699.png,3682
images-05700.png,3683
images-05701.png,3684
images-05702.png,3685
images-05703.png,3686
images-05704.png,3687
images-05705.png,3688
images-05706.png,3689
images-05707.png,3690
images-05708.png,3691
images-05709.png,3692
images-05710.png,3693
images-05711.png,3694
images-05712.png,3695
images-05713.png,3696
images-05714.png,3697
images-05715.png,3698
images-05716.png,3699
images-05717.png,3700
images-05718.png,3701
images-05719.png,3702
images-05720.png,3703
images-05721.png,3704
images-05722.png,3705
images-05723.png,3706
images-05724.png,3707
images-05725.png,3708
images-05726.png,3709
images-05727.png,3710
images-05728.png,3711
images-05729.png,3712
images-05730.png,3713
images-05731.png,3714
images-05732.png,3715
images-05733.png,3716
images-05734.png,3717
images-05735.png,3718
images-05736.png,3719
images-05737.png,3720
images-05738.png,3721
images-05739.png,3722
images-05740.png,3723
images-05741.png,3724
images-05742.png,3725
images-05743.png,3726
images-05744.png,3727
images-05745.png,3728
images-05746.png,3729
images-05747.png,3730
images-05748.png,3731
images-05749.png,3732
images-05750.png,3733
images-05751.png,3734
images-05752.png,3735
images-05753.png,3736
images-05754.png,3737
images-05755.png,3738
images-05756.png,3739
images-05757.png,3740
images-05758.png,3741
images-05759.png,3742
images-05760.png,3743
images-05761.png,3744
images-05762.png,3745
images-05763.png,3746
images-05764.png,3747
images-05765.png,3748
images-05766.png,3749
images-05767.png,3750
images-05768.png,3751
images-05769.png,3752
images-05770.png,3753
images-05771.png,3754
images-05772.png,3755
images-05773.png,3756
images-05774.png,3757
images-05775.png,3758
images-05776.png,3759
images-05777.png,3760
images-05778.png,3761
images-05779.png,3762
images-05780.png,3763
images-05781.png,3764
images-05782.png,3765
images-05783.png,3766
images-05784.png,3767
images-05785.png,3768
images-05786.png,3769
images-05787.png,3770
images-05788.png,3771
images-05789.png,3772
images-05790.png,3773
images-05791.png,3774
images-05792.png,3775
images-05793.png,3776
images-05794.png,3777
images-05795.png,3778
images-05796.png,3779
images-05797.png,3780
images-05798.png,3781
images-05799.png,3782
images-05800.png,3783
images-05801.png,3784
images-05802.png,3785
images-05803.png,3786
images-05804.png,3787
images-05805.png,3788
images-05806.png,3789
images-05807.png,3790
images-05808.png,3791
images-05809.png,3792
images-05810.png,3793
images-05811.png,3794
images-05812.png,3795
images-05813.png,3796
images-05814.png,3797
images-05815.png,3798
images-05816.png,3799
images-05817.png,3800
images-05818.png,3801
images-05819.png,3802
images-05820.png,3803
images-05821.png,3804
images-05822.png,3805
images-05823.png,3806
images-05824.png,3807
images-05825.png,3808
images-05826.png,3809
images-05827.png,3810
images-05828.png,3811
images-05829.png,3812
images-05830.png,3813
images-05831.png,3814
images-05832.png,3815
images-05833.png,3816
images-05834.png,3817
images-05835.png,3818
images-05836.png,3819
images-05837.png,3820
images-05838.png,3821
images-05839.png,3822
images-05840.png,3823
images-05841.png,3824
images-05842.png,3825
images-05843.png,3826
images-05844.png,3827
images-05845.png,3828
images-05846.png,3829
images-05847.png,3830
images-05848.png,3831
images-05849.png,3832
images-05850.png,3833
images-05851.png,3834
images-05852.png,3835
images-05853.png,3836
images-05854.png,3837
images-05855.png,3838
images-05856.png,3839
images-05857.png,3840
images-05858.png,3841
images-05859.png,3842
images-05860.png,3843
images-05861.png,3844
images-05862.png,3845
images-05863.png,3846
images-05864.png,3847
images-05865.png,3848
images-05866.png,3849
images-05867.png,3850
images-05868.png,3851
images-05869.png,3852
images-05870.png,3853
images-05871.png,3854
images-05872.png,3855
images-05873.png,3856
images-05874.png,3857
images-05875.png,3858
images-05876.png,3859
images-05877.png,3860
images-05878.png,3861
images-05879.png,3862
images-05880.png,3863
images-05881.png,3864
images-05882.png,3865
images-05883.png,3866
images-05884.png,3867
images-05885.png,3868
images-05886.png,3869
images-05887.png,3870
images-05888.png,3871
images-05889.png,3872
images-05890.png,3873
images-05891.png,3874
images-05892.png,3875
images-05893.png,3876
images-05894.png,3877
images-05895.png,3878
images-05896.png,3879
images-05897.png,3880
images-05898.png,3881
images-05899.png,3882
images-05900.png,3883
images-05901.png,3884
images-05902.png,3885
images-05903.png,3886
images-05904.png,3887
images-05905.png,3888
images-05906.png,3889
images-05907.png,3890
images-05908.png,3891
images-05909.png,3892
images-05910.png,3893
images-05911.png,3894
images-05912.png,3895
images-05913.png,3896
images-05914.png,3897
images-05915.png,3898
images-05916.png,3899
images-05917.png,3900
images-05918.png,3901
images-05919.png,3902
images-05920.png,3903
images-05921.png,3904
images-05922.png,3905
images-05923.png,3906
images-05924.png,3907
images-05925.png,3908
images-05926.png,3909
images-05927.png,3910
images-05928.png,3911
images-05929.png,3912
images-05930.png,3913
images-05931.png,3914
images-05932.png,3915
images-05933.png,3916
images-05934.png,3917
images-05935.png,3918
images-05936.png,3919
images-05937.png,3920
images-05938.png,3921
images-05939.png,3922
images-05940.png,3923
images-05941.png,3924
images-05942.png,3925
images-05943.png,3926
images-05944.png,3927
images-05945.png,3928
images-05946.png,3929
images-05947.png,3930
images-05948.png,3931
images-05949.png,3932
images-05950.png,3933
images-05951.png,3934
images-05952.png,3935
images-05953.png,3936
images-05954.png,3937
images-05955.png,3938
images-05956.png,3939
images-05957.png,3940
images-05958.png,3941
images-05959.png,3942
images-05960.png,3943
images-05961.png,3944
images-05962.png,3945
images-05963.png,3946
images-05964.png,3947
images-05965.png,3948
images-05966.png,3949
images-05967.png,3950
images-05968.png,3951
images-05969.png,3952
images-05970.png,3953
images-05971.png,3954
images-05972.png,3955
images-05973.png,3956
images-05974.png,3957
images-05975.png,3958
images-05976.png,3959
images-05977.png,3960
images-05978.png,3961
images-05979.png,3962
images-05980.png,3963
images-05981.png,3964
images-05982.png,3965
images-05983.png,3966
images-05984.png,3967
images-05985.png,3968
images-05986.png,3969
images-05987.png,3970
images-05988.png,3971
images-05989.png,3972
images-05990.png,3973
images-05991.png,3974
images-05992.png,3975
images-05993.png,3976
images-05994.png,3977
images-05995.png,3978
images-05996.png,3979
images-05997.png,3980
images-05998.png,3981
images-05999.png,3982
images-06000.png,3983
images-06001.png,3984
images-06002.png,3985
images-06003.png,3986
images-06004.png,3987
images-06005.png,3988
images-06006.png,3989
images-06007.png,3990
images-06008.png,3991
images-06009.png,3992
images-06010.png,3993
images-06011.png,3994
images-06012.png,3995
images-06013.png,3996
images-06014.png,3997
images-06015.png,3998
images-06016.png,3999
images-06017.png,4000
images-06018.png,4001
images-06019.png,4002
images-06020.png,4003
images-06021.png,4004
images-06022.png,4005
images-06023.png,4006
images-06024.png,4007
images-06025.png,4008
images-06026.png,4009
images-06027.png,4010
images-06028.png,4011
images-06029.png,4012
images-06030.png,4013
images-06031.png,4014
images-06032.png,4015
images-06033.png,4016
images-06034.png,4017
images-06035.png,4018
images-06036.png,4019
images-06037.png,4020
images-06038.png,4021
images-06039.png,4022
images-06040.png,4023
images-06041.png,4024
images-06042.png,4025
images-06043.png,4026
images-06234.png,4027
images-06235.png,4028
images-06236.png,4029
images-06237.png,4030
images-06238.png,4031
images-06239.png,4032
images-06240.png,4033
images-06241.png,4034
images-06242.png,4035
images-06243.png,4036
images-06244.png,4037
images-06245.png,4038
images-06246.png,4039
images-06247.png,4040
images-06248.png,4041
images-06249.png,4042
images-06250.png,4043
images-06251.png,4044
images-06252.png,4045
images-06253.png,4046
images-06254.png,4047
images-06255.png,4048
images-06256.png,4049
images-06257.png,4050
images-06258.png,4051
images-06259.png,4052
images-06260.png,4053
images-06261.png,4054
images-06262.png,4055
images-06263.png,4056
images-06264.png,4057
images-06265.png,4058
images-06266.png,4059
images-06267.png,4060
images-06268.png,4061
images-06269.png,4062
images-06270.png,4063
images-06271.png,4064
images-06272.png,4065
images-06273.png,4066
images-06274.png,4067
images-06275.png,4068
images-06276.png,4069
images-06277.png,4070
images-06278.png,4071
images-06279.png,4072
images-06280.png,4073
images-06281.png,4074
images-06282.png,4075
images-06283.png,4076
images-06284.png,4077
images-06285.png,4078
images-06286.png,4079
images-06287.png,4080
images-06288.png,4081
images-06289.png,4082
images-06290.png,4083
images-06291.png,4084
images-06292.png,4085
images-06293.png,4086
images-06294.png,4087
images-06295.png,4088
images-06296.png,4089
images-06297.png,4090
images-06298.png,4091
images-06299.png,4092
images-06300.png,4093
images-06301.png,4094
images-06302.png,4095
images-06303.png,4096
images-06304.png,4097
images-06305.png,4098
images-06306.png,4099
images-06307.png,4100
images-06308.png,4101
images-06309.png,4102
images-06310.png,4103
images-06311.png,4104
images-06312.png,4105
images-06313.png,4106
images-06314.png,4107
images-06315.png,4108
images-06316.png,4109
images-06317.png,4110
images-06318.png,4111
images-06319.png,4112
images-06320.png,4113
images-06321.png,4114
images-06322.png,4115
images-06323.png,4116
images-06324.png,4117
images-06325.png,4118
images-06326.png,4119
images-06327.png,4120
images-06328.png,4121
images-06329.png,4122
images-06330.png,4123
images-06331.png,4124
images-06332.png,4125
images-06333.png,4126
images-06334.png,4127
images-06335.png,4128
images-06336.png,4129
images-06337.png,4130
images-06338.png,4131
images-06339.png,4132
images-06340.png,4133
images-06341.png,4134
images-06342.png,4135
images-06343.png,4136
images-06344.png,4137
images-06345.png,4138
images-06346.png,4139
images-06347.png,4140
images-06348.png,4141
images-06349.png,4142
images-06350.png,4143
images-06351.png,4144
images-06352.png,4145
images-06353.png,4146
images-06354.png,4147
images-06355.png,4148
images-06356.png,4149
images-06357.png,4150
images-06358.png,4151
images-06359.png,4152
images-06360.png,4153
images-06361.png,4154
images-06362.png,4155
images-06363.png,4156
images-06364.png,4157
images-06365.png,4158
images-06366.png,4159
images-06367.png,4160
images-06368.png,4161
images-06369.png,4162
images-06370.png,4163
images-06371.png,4164
images-06372.png,4165
images-06373.png,4166
images-06374.png,4167
images-06375.png,4168
images-06376.png,4169
images-06377.png,4170
images-06378.png,4171
images-06379.png,4172
images-06380.png,4173
images-06381.png,4174
images-06382.png,4175
images-06383.png,4176
images-06384.png,4177
images-06385.png,4178
images-06386.png,4179
images-06387.png,4180
images-06388.png,4181
images-06389.png,4182
images-06390.png,4183
images-06391.png,4184
images-06392.png,4185
images-06393.png,4186
images-06394.png,4187
images-06395.png,4188
images-06396.png,4189
images-06397.png,4190
images-06398.png,4191
images-06399.png,4192
images-06400.png,4193
images-06401.png,4194
images-06402.png,4195
images-06403.png,4196
images-06404.png,4197
images-06405.png,4198
images-06406.png,4199
images-06407.png,4200
images-06408.png,4201
images-06409.png,4202
images-06410.png,4203
images-06411.png,4204
images-06412.png,4205
images-06413.png,4206
images-06414.png,4207
images-06415.png,4208
images-06416.png,4209
images-06417.png,4210
images-06418.png,4211
images-06419.png,4212
images-06420.png,4213
images-06421.png,4214
images-06422.png,4215
images-06423.png,4216
images-06424.png,4217
images-06425.png,4218
images-06426.png,4219
images-06427.png,4220
images-06428.png,4221
images-06429.png,4222
images-06430.png,4223
images-06431.png,4224
images-06432.png,4225
images-06433.png,4226
images-06434.png,4227
images-06435.png,4228
images-06436.png,4229
images-06437.png,4230
images-06438.png,4231
images-06439.png,4232
images-06440.png,4233
images-06441.png,4234
images-06442.png,4235
images-06443.png,4236
images-06444.png,4237
images-06445.png,4238
images-06446.png,4239
images-06447.png,4240
images-06448.png,4241
images-06449.png,4242
images-06450.png,4243
images-06451.png,4244
images-06452.png,4245
images-06453.png,4246
images-06454.png,4247
images-06455.png,4248
images-06456.png,4249
images-06457.png,4250
images-06458.png,4251
images-06459.png,4252
images-06460.png,4253
images-06461.png,4254
images-06462.png,4255
images-06463.png,4256
images-06464.png,4257
images-06465.png,4258
images-06466.png,4259
images-06467.png,4260
images-06468.png,4261
images-06469.png,4262
images-06470.png,4263
images-06471.png,4264
images-06472.png,4265
images-06473.png,4266
images-06474.png,4267
images-06475.png,4268
images-06476.png,4269
images-06477.png,4270
images-06478.png,4271
images-06479.png,4272
images-06480.png,4273
images-06481.png,4274
images-06482.png,4275
images-06483.png,4276
images-06484.png,4277
images-06485.png,4278
images-06486.png,4279
images-06487.png,4280
images-06488.png,4281
images-06489.png,4282
images-06490.png,4283
images-06491.png,4284
images-06492.png,4285
images-06493.png,4286
images-06494.png,4287
images-06495.png,4288
images-06496.png,4289
images-06497.png,4290
images-06498.png,4291
images-06499.png,4292
images-06500.png,4293
images-06506.png,4294
images-06507.png,4295
images-06508.png,4296
images-06509.png,4297
images-06510.png,4298
images-06511.png,4299
images-06512.png,4300
images-06513.png,4301
images-06514.png,4302
images-06515.png,4303
images-06516.png,4304
images-06517.png,4305
images-06518.png,4306
images-06519.png,4307
images-06520.png,4308
images-06521.png,4309
images-06522.png,4310
images-06523.png,4311
images-06524.png,4312
images-06525.png,4313
images-06526.png,4314
images-06527.png,4315
images-06528.png,4316
images-06529.png,4317
images-06530.png,4318
images-06531.png,4319
images-06532.png,4320
images-06533.png,4321
images-06534.png,4322
images-06535.png,4323
images-06536.png,4324
images-06537.png,4325
images-06538.png,4326
images-06539.png,4327
images-06540.png,4328
images-06541.png,4329
images-06542.png,4330
images-06543.png,4331
images-06544.png,4332
images-06545.png,4333
images-06546.png,4334
images-06547.png,4335
images-06548.png,4336
images-06549.png,4337
images-06550.png,4338
images-06551.png,4339
images-06552.png,4340
images-06553.png,4341
images-06554.png,4342
images-06555.png,4343
images-06556.png,4344
images-06557.png,4345
images-06558.png,4346
images-06559.png,4347
images-06560.png,4348
images-06561.png,4349
images-06562.png,4350
images-06563.png,4351
images-06564.png,4352
images-06565.png,4353
images-06566.png,4354
images-06567.png,4355
images-06568.png,4356
images-06569.png,4357
images-06570.png,4358
images-06571.png,4359
images-06572.png,4360
images-06573.png,4361
images-06574.png,4362
images-06575.png,4363
images-06576.png,4364
images-06577.png,4365
images-06578.png,4366
images-06579.png,4367
images-06580.png,4368
images-06581.png,4369
images-06582.png,4370
images-06583.png,4371
images-06584.png,4372
images-06585.png,4373
images-06586.png,4374
images-06587.png,4375
images-06588.png,4376
images-06589.png,4377
images-06590.png,4378
images-06591.png,4379
images-06592.png,4380
images-06593.png,4381
images-06594.png,4382
images-06595.png,4383
images-06596.png,4384
images-06597.png,4385
images-06598.png,4386
images-06599.png,4387
images-06600.png,4388
images-06601.png,4389
images-06602.png,4390
images-06603.png,4391
images-06604.png,4392
images-06605.png,4393
images-06606.png,4394
images-06607.png,4395
images-06608.png,4396
images-06609.png,4397
images-06610.png,4398
images-06611.png,4399
images-06612.png,4400
images-06613.png,4401
images-06614.png,4402
images-06615.png,4403
images-06616.png,4404
images-06617.png,4405
images-06618.png,4406
images-06619.png,4407
images-06620.png,4408
images-06621.png,4409
images-06622.png,4410
images-06623.png,4411
images-06624.png,4412
images-06625.png,4413
images-06626.png,4414
images-06627.png,4415
images-06628.png,4416
images-06629.png,4417
images-06630.png,4418
images-06631.png,4419
images-06632.png,4420
images-06633.png,4421
images-06634.png,4422
images-06635.png,4423
images-06636.png,4424
images-06637.png,4425
images-06638.png,4426
images-06639.png,4427
images-06640.png,4428
images-06641.png,4429
images-06642.png,4430
images-06643.png,4431
images-06644.png,4432
images-06645.png,4433
images-06646.png,4434
images-06647.png,4435
images-06648.png,4436
images-06649.png,4437
images-06650.png,4438
images-06651.png,4439
images-06652.png,4440
images-06653.png,4441
images-06654.png,4442
images-06655.png,4443
images-06656.png,4444
images-06657.png,4445
images-06658.png,4446
images-06659.png,4447
images-06660.png,4448
images-06661.png,4449
images-06662.png,4450
images-06663.png,4451
images-06664.png,4452
images-06665.png,4453
images-06666.png,4454
images-06667.png,4455
images-06668.png,4456
images-06669.png,4457
images-06670.png,4458
images-06671.png,4459
images-06672.png,4460
images-06673.png,4461
images-06674.png,4462
images-06675.png,4463
images-06676.png,4464
images-06677.png,4465
images-06678.png,4466
images-06679.png,4467
images-06680.png,4468
images-06681.png,4469
images-06682.png,4470
images-06683.png,4471
images-06684.png,4472
images-06685.png,4473
images-06686.png,4474
images-06687.png,4475
images-06688.png,4476
images-06689.png,4477
images-06690.png,4478
images-06691.png,4479
images-06692.png,4480
images-06693.png,4481
images-06694.png,4482
images-06695.png,4483
images-06696.png,4484
images-06697.png,4485
images-06698.png,4486
images-06699.png,4487
images-06700.png,4488
images-06701.png,4489
images-06702.png,4490
images-06703.png,4491
images-06704.png,4492
images-06705.png,4493
images-06706.png,4494
images-06707.png,4495
images-06708.png,4496
images-06709.png,4497
images-06710.png,4498
images-06711.png,4499
images-06712.png,4500
images-06713.png,4501
images-06714.png,4502
images-06715.png,4503
images-06716.png,4504
images-06717.png,4505
images-06718.png,4506
images-06719.png,4507
images-06720.png,4508
images-06721.png,4509
images-06722.png,4510
images-06723.png,4511
images-06724.png,4512
images-06725.png,4513
images-06726.png,4514
images-06727.png,4515
images-06728.png,4516
images-06729.png,4517
images-06730.png,4518
images-06731.png,4519
images-06732.png,4520
images-06733.png,4521
images-06734.png,4522
images-06735.png,4523
images-06736.png,4524
images-06737.png,4525
images-06738.png,4526
images-06739.png,4527
images-06740.png,4528
images-06741.png,4529
images-06742.png,4530
images-06743.png,4531
images-06744.png,4532
images-06745.png,4533
images-06746.png,4534
images-06747.png,4535
images-06748.png,4536
images-06749.png,4537
images-06750.png,4538
images-06751.png,4539
images-06752.png,4540
images-06753.png,4541
images-06754.png,4542
images-06755.png,4543
images-06773.png,4544
images-06774.png,4545
images-06775.png,4546
images-06776.png,4547
images-06777.png,4548
images-06778.png,4549
images-06779.png,4550
images-06780.png,4551
images-06781.png,4552
images-06782.png,4553
images-06783.png,4554
images-06784.png,4555
images-06785.png,4556
images-06786.png,4557
images-06787.png,4558
images-06788.png,4559
images-06789.png,4560
images-06790.png,4561
images-06791.png,4562
images-06792.png,4563
images-06793.png,4564
images-06794.png,4565
images-06795.png,4566
images-06796.png,4567
images-06797.png,4568
images-06798.png,4569
images-06799.png,4570
images-06800.png,4571
images-06801.png,4572
images-06802.png,4573
images-06803.png,4574
images-06804.png,4575
images-06805.png,4576
images-06806.png,4577
images-06807.png,4578
images-06808.png,4579
images-06809.png,4580
images-06810.png,4581
images-06811.png,4582
images-06812.png,4583
images-06813.png,4584
images-06814.png,4585
images-06815.png,4586
images-06816.png,4587
images-06817.png,4588
images-06818.png,4589
images-06819.png,4590
images-06820.png,4591
images-06821.png,4592
images-06822.png,4593
images-06823.png,4594
images-06824.png,4595
images-06825.png,4596
images-06826.png,4597
images-06827.png,4598
images-06828.png,4599
images-06829.png,4600
images-06830.png,4601
images-06831.png,4602
images-06832.png,4603
images-06833.png,4604
images-06834.png,4605
images-06835.png,4606
images-06836.png,4607
images-06837.png,4608
images-06838.png,4609
images-06839.png,4610
images-06840.png,4611
images-06841.png,4612
images-06842.png,4613
images-06843.png,4614
images-06844.png,4615
images-06845.png,4616
images-06846.png,4617
images-06847.png,4618
images-06848.png,4619
images-06849.png,4620
images-06850.png,4621
images-06851.png,4622
images-06852.png,4623
images-06853.png,4624
images-06854.png,4625
images-06855.png,4626
images-06856.png,4627
images-06857.png,4628
images-06858.png,4629
images-06859.png,4630
images-06860.png,4631
images-06861.png,4632
images-06862.png,4633
images-06863.png,4634
images-06864.png,4635
images-06865.png,4636
images-06866.png,4637
images-06867.png,4638
images-06868.png,4639
images-06869.png,4640
images-06870.png,4641
images-06871.png,4642
images-06872.png,4643
images-06873.png,4644
images-06874.png,4645
images-06875.png,4646
images-06876.png,4647
images-06877.png,4648
images-06878.png,4649
images-06879.png,4650
images-06880.png,4651
images-06881.png,4652
images-06882.png,4653
images-06883.png,4654
images-06884.png,4655
images-06885.png,4656
images-06886.png,4657
images-06887.png,4658
images-06888.png,4659
images-06889.png,4660
images-06890.png,4661
images-06891.png,4662
images-06892.png,4663
images-06893.png,4664
images-06894.png,4665
images-06895.png,4666
images-06896.png,4667
images-06897.png,4668
images-06898.png,4669
images-06899.png,4670
images-06900.png,4671
images-06901.png,4672
images-06902.png,4673
images-06903.png,4674
images-06904.png,4675
images-06905.png,4676
images-06906.png,4677
images-06907.png,4678
images-06908.png,4679
images-06909.png,4680
images-06910.png,4681
images-06911.png,4682
images-06912.png,4683
images-06913.png,4684
images-06914.png,4685
images-06915.png,4686
images-06916.png,4687
images-06917.png,4688
images-06918.png,4689
images-06919.png,4690
images-06920.png,4691
images-06921.png,4692
images-06922.png,4693
images-06923.png,4694
images-06924.png,4695
images-06925.png,4696
images-06926.png,4697
images-06927.png,4698
images-06928.png,4699
images-06929.png,4700
images-06930.png,4701
images-06931.png,4702
images-06932.png,4703
images-06933.png,4704
images-06934.png,4705
images-06935.png,4706
images-06936.png,4707
images-06937.png,4708
images-06938.png,4709
images-06939.png,4710
images-06940.png,4711
images-06941.png,4712
images-06942.png,4713
images-06943.png,4714
images-06944.png,4715
images-06945.png,4716
images-06946.png,4717
images-06947.png,4718
images-06948.png,4719
images-06949.png,4720
images-06950.png,4721
images-06951.png,4722
images-06952.png,4723
images-06953.png,4724
images-06954.png,4725
images-06955.png,4726
images-06956.png,4727
images-06957.png,4728
images-06958.png,4729
images-06959.png,4730
images-06960.png,4731
images-06961.png,4732
images-06962.png,4733
images-06963.png,4734
images-06964.png,4735
images-06965.png,4736
images-06966.png,4737
images-06967.png,4738
images-06968.png,4739
images-06969.png,4740
images-06970.png,4741
images-06971.png,4742
images-06972.png,4743
images-06973.png,4744
images-06974.png,4745
images-06975.png,4746
images-06976.png,4747
images-06977.png,4748
images-06978.png,4749
images-06979.png,4750
images-06980.png,4751
images-06981.png,4752
images-06982.png,4753
images-06983.png,4754
images-06984.png,4755
images-06985.png,4756
images-06986.png,4757
images-06987.png,4758
images-06988.png,4759
images-06989.png,4760
images-06990.png,4761
images-06991.png,4762
images-06992.png,4763
images-06993.png,4764
images-06994.png,4765
images-06995.png,4766
images-06996.png,4767
images-06997.png,4768
images-06998.png,4769
images-06999.png,4770
images-07000.png,4771
images-07001.png,4772
images-07002.png,4773
images-07003.png,4774
images-07004.png,4775
images-07005.png,4776
images-07006.png,4777
images-07007.png,4778
images-07008.png,4779
images-07009.png,4780
images-07010.png,4781
images-07011.png,4782
images-07012.png,4783
images-07013.png,4784
images-07014.png,4785
images-07015.png,4786
images-07016.png,4787
images-07017.png,4788
images-07018.png,4789
images-07019.png,4790
images-07020.png,4791
images-07021.png,4792
images-07022.png,4793
images-07023.png,4794
images-07024.png,4795
images-07025.png,4796
images-07026.png,4797
images-07027.png,4798
images-07028.png,4799
images-07029.png,4800
images-07030.png,4801
images-07031.png,4802
images-07032.png,4803
images-07033.png,4804
images-07034.png,4805
images-07035.png,4806
images-07036.png,4807
images-07037.png,4808
images-07038.png,4809
images-07039.png,4810
images-07040.png,4811
images-07041.png,4812
images-07042.png,4813
images-07043.png,4814
images-07044.png,4815
images-07045.png,4816
images-07046.png,4817
images-07047.png,4818
images-07048.png,4819
images-07049.png,4820
images-07050.png,4821
images-07051.png,4822
images-07052.png,4823
images-07053.png,4824
images-07054.png,4825
images-07055.png,4826
images-07056.png,4827
images-07057.png,4828
images-07058.png,4829
images-07296.png,4830
images-07297.png,4831
images-07298.png,4832
images-07299.png,4833
images-07300.png,4834
images-07301.png,4835
images-07302.png,4836
images-07303.png,4837
images-07304.png,4838
images-07305.png,4839
images-07306.png,4840
images-07307.png,4841
images-07308.png,4842
images-07309.png,4843
images-07310.png,4844
images-07311.png,4845
images-07312.png,4846
images-07313.png,4847
images-07314.png,4848
images-07315.png,4849
images-07316.png,4850
images-07317.png,4851
images-07318.png,4852
images-07319.png,4853
images-07320.png,4854
images-07321.png,4855
images-07322.png,4856
images-07323.png,4857
images-07324.png,4858
images-07325.png,4859
images-07326.png,4860
images-07327.png,4861
images-07328.png,4862
images-07329.png,4863
images-07330.png,4864
images-07331.png,4865
images-07332.png,4866
images-07333.png,4867
images-07334.png,4868
images-07335.png,4869
images-07336.png,4870
images-07337.png,4871
images-07338.png,4872
images-07339.png,4873
images-07340.png,4874
images-07341.png,4875
images-07342.png,4876
images-07343.png,4877
images-07344.png,4878
images-07345.png,4879
images-07346.png,4880
images-07347.png,4881
images-07348.png,4882
images-07349.png,4883
images-07350.png,4884
images-07351.png,4885
images-07352.png,4886
images-07353.png,4887
images-07354.png,4888
images-07355.png,4889
images-07356.png,4890
images-07357.png,4891
images-07358.png,4892
images-07359.png,4893
images-07360.png,4894
images-07361.png,4895
images-07362.png,4896
images-07363.png,4897
images-07364.png,4898
images-07365.png,4899
images-07366.png,4900
images-07367.png,4901
images-07368.png,4902
images-07369.png,4903
images-07370.png,4904
images-07371.png,4905
images-07372.png,4906
images-07373.png,4907
images-07374.png,4908
images-07375.png,4909
images-07376.png,4910
images-07377.png,4911
images-07378.png,4912
images-07379.png,4913
images-07380.png,4914
images-07381.png,4915
images-07382.png,4916
images-07383.png,4917
images-07384.png,4918
images-07385.png,4919
images-07386.png,4920
images-07387.png,4921
images-07388.png,4922
images-07389.png,4923
images-07390.png,4924
images-07391.png,4925
images-07392.png,4926
images-07393.png,4927
images-07394.png,4928
images-07395.png,4929
images-07396.png,4930
images-07397.png,4931
images-07398.png,4932
images-07399.png,4933
images-07400.png,4934
images-07401.png,4935
images-07402.png,4936
images-07403.png,4937
images-07404.png,4938
images-07405.png,4939
images-07406.png,4940
images-07407.png,4941
images-07408.png,4942
images-07409.png,4943
images-07410.png,4944
images-07411.png,4945
images-07412.png,4946
images-07413.png,4947
images-07414.png,4948
images-07415.png,4949
images-07416.png,4950
images-07417.png,4951
images-07418.png,4952
images-07419.png,4953
images-07420.png,4954
images-07421.png,4955
images-07422.png,4956
images-07423.png,4957
images-07424.png,4958
images-07425.png,4959
images-07426.png,4960
images-07427.png,4961
images-07428.png,4962
images-07429.png,4963
images-07430.png,4964
images-07431.png,4965
images-07432.png,4966
images-07433.png,4967
images-07434.png,4968
images-07435.png,4969
images-07436.png,4970
images-07437.png,4971
images-07438.png,4972
images-07439.png,4973
images-07440.png,4974
images-07441.png,4975
images-07442.png,4976
images-07443.png,4977
images-07444.png,4978
images-07445.png,4979
images-07446.png,4980
images-07447.png,4981
images-07448.png,4982
images-07449.png,4983
images-07450.png,4984
images-07451.png,4985
images-07452.png,4986
images-07453.png,4987
images-07454.png,4988
images-07455.png,4989
images-07456.png,4990
images-07457.png,4991
images-07458.png,4992
images-07459.png,4993
images-07460.png,4994
images-07461.png,4995
images-07462.png,4996
images-07463.png,4997
images-07464.png,4998
images-07465.png,4999
images-07466.png,5000
images-07467.png,5001
images-07468.png,5002
images-07469.png,5003
images-07470.png,5004
images-07471.png,5005
images-07472.png,5006
images-07473.png,5007
images-07474.png,5008
images-07475.png,5009
images-07476.png,5010
images-07477.png,5011
images-07478.png,5012
images-07479.png,5013
images-07480.png,5014
images-07481.png,5015
images-07482.png,5016
images-07483.png,5017
images-07484.png,5018
images-07485.png,5019
images-07486.png,5020
images-07487.png,5021
images-07488.png,5022
images-07489.png,5023
images-07490.png,5024
images-07491.png,5025
images-07492.png,5026
images-07493.png,5027
images-07494.png,5028
images-07495.png,5029
images-07496.png,5030
images-07497.png,5031
images-07498.png,5032
images-07499.png,5033
images-07500.png,5034
images-07501.png,5035
images-07502.png,5036
images-07503.png,5037
images-07504.png,5038
images-07505.png,5039
images-07506.png,5040
images-07507.png,5041
images-07508.png,5042
images-07509.png,5043
images-07510.png,5044
images-07511.png,5045
images-07512.png,5046
images-07513.png,5047
images-07514.png,5048
images-07515.png,5049
images-07516.png,5050
images-07517.png,5051
images-07518.png,5052
images-07519.png,5053
images-07520.png,5054
images-07521.png,5055
images-07522.png,5056
images-07523.png,5057
images-07524.png,5058
images-07525.png,5059
images-07526.png,5060
images-07527.png,5061
images-07528.png,5062
images-07529.png,5063
images-07530.png,5064
images-07531.png,5065
images-07532.png,5066
images-07533.png,5067
images-07534.png,5068
images-07535.png,5069
images-07536.png,5070
images-07537.png,5071
images-07538.png,5072
images-07539.png,5073
images-07540.png,5074
images-07541.png,5075
images-07542.png,5076
images-07543.png,5077
images-07544.png,5078
images-07545.png,5079
images-07546.png,5080
images-07547.png,5081
images-07548.png,5082
images-07549.png,5083
images-07550.png,5084
images-07551.png,5085
images-07552.png,5086
images-07553.png,5087
images-07554.png,5088
images-07555.png,5089
images-07556.png,5090
images-07557.png,5091
images-07558.png,5092
images-07559.png,5093
images-07560.png,5094
images-07561.png,5095
images-07562.png,5096
images-07563.png,5097
images-07564.png,5098
images-07565.png,5099
images-07566.png,5100
images-07567.png,5101
images-07568.png,5102
images-07569.png,5103
images-07570.png,5104
images-07571.png,5105
images-07572.png,5106
images-07573.png,5107
images-07574.png,5108
images-07575.png,5109
images-07576.png,5110
images-07577.png,5111
images-07578.png,5112
images-07579.png,5113
images-07580.png,5114
images-07581.png,5115
images-07582.png,5116
images-07583.png,5117
images-07584.png,5118
images-07585.png,5119
images-07586.png,5120
images-07587.png,5121
images-07588.png,5122
images-07589.png,5123
images-07590.png,5124
images-07591.png,5125
images-07592.png,5126
images-07593.png,5127
images-07594.png,5128
images-07595.png,5129
images-07596.png,5130
images-07597.png,5131
images-07598.png,5132
images-07599.png,5133
images-07600.png,5134
images-07601.png,5135
images-07602.png,5136
images-07603.png,5137
images-07604.png,5138
images-07605.png,5139
images-07606.png,5140
images-07607.png,5141
images-07608.png,5142
images-07609.png,5143
images-07610.png,5144
images-07611.png,5145
images-07612.png,5146
images-07613.png,5147
images-07614.png,5148
images-07615.png,5149
images-07616.png,5150
images-07617.png,5151
images-07618.png,5152
images-07619.png,5153
images-07620.png,5154
images-07621.png,5155
images-07622.png,5156
images-07623.png,5157
images-07624.png,5158
images-07625.png,5159
images-07626.png,5160
images-07627.png,5161
images-07628.png,5162
images-07629.png,5163
images-07630.png,5164
images-07631.png,5165
images-07632.png,5166
images-07633.png,5167
images-07634.png,5168
images-07635.png,5169
images-07636.png,5170
images-07637.png,5171
images-07638.png,5172
images-07639.png,5173
images-07640.png,5174
images-07641.png,5175
images-07642.png,5176
images-07643.png,5177
images-07644.png,5178
images-07645.png,5179
images-07646.png,5180
images-07647.png,5181
images-07648.png,5182
images-07649.png,5183
images-07650.png,5184
images-07651.png,5185
images-07652.png,5186
images-07653.png,5187
images-07654.png,5188
images-07655.png,5189
images-07656.png,5190
images-07657.png,5191
images-07658.png,5192
images-07659.png,5193
images-07660.png,5194
images-07661.png,5195
images-07662.png,5196
images-07663.png,5197
images-07664.png,5198
images-07665.png,5199
images-07666.png,5200
images-07667.png,5201
images-07668.png,5202
images-07669.png,5203
images-07670.png,5204
images-07671.png,5205
images-07672.png,5206
images-07673.png,5207
images-07674.png,5208
images-07675.png,5209
images-07676.png,5210
images-07677.png,5211
images-07678.png,5212
images-07679.png,5213
images-07680.png,5214
images-07681.png,5215
images-07682.png,5216
images-07683.png,5217
images-07684.png,5218
images-07685.png,5219
images-07686.png,5220
images-07687.png,5221
images-07688.png,5222
images-07689.png,5223
images-07690.png,5224
images-07691.png,5225
images-07692.png,5226
images-07693.png,5227
images-07694.png,5228
images-07695.png,5229
images-07696.png,5230
images-07697.png,5231
images-07698.png,5232
images-07699.png,5233
images-07700.png,5234
images-07701.png,5235
images-07702.png,5236
images-07703.png,5237
images-07704.png,5238
images-07705.png,5239
images-07706.png,5240
images-07707.png,5241
images-07708.png,5242
images-07709.png,5243
images-07710.png,5244
images-07711.png,5245
images-07712.png,5246
images-07713.png,5247
images-07714.png,5248
images-07715.png,5249
images-07716.png,5250
images-07717.png,5251
images-07718.png,5252
images-07719.png,5253
images-07720.png,5254
images-07721.png,5255
images-07722.png,5256
images-07723.png,5257
images-07724.png,5258
images-07725.png,5259
images-07726.png,5260
images-07727.png,5261
images-07728.png,5262
images-07729.png,5263
images-07730.png,5264
images-07731.png,5265
images-07732.png,5266
images-07733.png,5267
images-07734.png,5268
images-07735.png,5269
images-07736.png,5270
images-07737.png,5271
images-07738.png,5272
images-07739.png,5273
images-07740.png,5274
images-07741.png,5275
images-07742.png,5276
images-07743.png,5277
images-07744.png,5278
images-07745.png,5279
images-07746.png,5280
images-07747.png,5281
images-07748.png,5282
images-07749.png,5283
images-07750.png,5284
images-07751.png,5285
images-07752.png,5286
images-07753.png,5287
images-07754.png,5288
images-07755.png,5289
images-07756.png,5290
images-07757.png,5291
images-07758.png,5292
images-07894.png,5293
images-07895.png,5294
images-07896.png,5295
images-07897.png,5296
images-07898.png,5297
images-07899.png,5298
images-07900.png,5299
images-07901.png,5300
images-07902.png,5301
images-07903.png,5302
images-07904.png,5303
images-07905.png,5304
images-07906.png,5305
images-07907.png,5306
images-07908.png,5307
images-07909.png,5308
images-07910.png,5309
images-07911.png,5310
images-07912.png,5311
images-07913.png,5312
images-07914.png,5313
images-07915.png,5314
images-07916.png,5315
images-07917.png,5316
images-07918.png,5317
images-07919.png,5318
images-07920.png,5319
images-07921.png,5320
images-07922.png,5321
images-07923.png,5322
images-07924.png,5323
images-07925.png,5324
images-07926.png,5325
images-07927.png,5326
images-07928.png,5327
images-07929.png,5328
images-07930.png,5329
images-07931.png,5330
images-07932.png,5331
images-07933.png,5332
images-07934.png,5333
images-07935.png,5334
images-07936.png,5335
images-07937.png,5336
images-07938.png,5337
images-07939.png,5338
images-07940.png,5339
images-07941.png,5340
images-07942.png,5341
images-07943.png,5342
images-07944.png,5343
images-07945.png,5344
images-07946.png,5345
images-07947.png,5346
images-07948.png,5347
images-07949.png,5348
images-07950.png,5349
images-07951.png,5350
images-07952.png,5351
images-07953.png,5352
images-07954.png,5353
images-07955.png,5354
images-07956.png,5355
images-07957.png,5356
images-07958.png,5357
images-07959.png,5358
images-07960.png,5359
images-07961.png,5360
images-07962.png,5361
images-07963.png,5362
images-07964.png,5363
images-07965.png,5364
images-07966.png,5365
images-07967.png,5366
images-07968.png,5367
images-07969.png,5368
images-07970.png,5369
images-07971.png,5370
images-07972.png,5371
images-07973.png,5372
images-07974.png,5373
images-07975.png,5374
images-07976.png,5375
images-07977.png,5376
images-07978.png,5377
images-07979.png,5378
images-07980.png,5379
images-07981.png,5380
images-07982.png,5381
images-07983.png,5382
images-07984.png,5383
images-07985.png,5384
images-07986.png,5385
images-07987.png,5386
images-07988.png,5387
images-07989.png,5388
images-07990.png,5389
images-07991.png,5390
images-07992.png,5391
images-07993.png,5392
images-07994.png,5393
images-07995.png,5394
images-07996.png,5395
images-07997.png,5396
images-07998.png,5397
images-07999.png,5398
images-08000.png,5399
images-08001.png,5400
images-08002.png,5401
images-08003.png,5402
images-08004.png,5403
images-08005.png,5404
images-08006.png,5405
images-08007.png,5406
images-08008.png,5407
images-08009.png,5408
images-08010.png,5409
images-08011.png,5410
images-08012.png,5411
images-08013.png,5412
images-08014.png,5413
images-08015.png,5414
images-08016.png,5415
images-08017.png,5416
images-08018.png,5417
images-08019.png,5418
images-08020.png,5419
images-08021.png,5420
images-08022.png,5421
images-08023.png,5422
images-08024.png,5423
images-08025.png,5424
images-08026.png,5425
images-08027.png,5426
images-08028.png,5427
images-08029.png,5428
images-08030.png,5429
images-08031.png,5430
images-08032.png,5431
images-08033.png,5432
images-08034.png,5433
images-08035.png,5434
images-08036.png,5435
images-08037.png,5436
images-08038.png,5437
images-08039.png,5438
images-08040.png,5439
images-08041.png,5440
images-08042.png,5441
images-08043.png,5442
images-08044.png,5443
images-08045.png,5444
images-08046.png,5445
images-08047.png,5446
images-08048.png,5447
images-08049.png,5448
images-08050.png,5449
images-08051.png,5450
images-08052.png,5451
images-08053.png,5452
images-08054.png,5453
images-08055.png,5454
images-08056.png,5455
images-08057.png,5456
images-08058.png,5457
images-08059.png,5458
images-08060.png,5459
images-08061.png,5460
images-08062.png,5461
images-08063.png,5462
images-08064.png,5463
images-08065.png,5464
images-08066.png,5465
images-08067.png,5466
images-08068.png,5467
images-08069.png,5468
images-08070.png,5469
images-08071.png,5470
images-08072.png,5471
images-08073.png,5472
images-08074.png,5473
images-08075.png,5474
images-08076.png,5475
images-08077.png,5476
images-08078.png,5477
images-08079.png,5478
images-08080.png,5479
images-08081.png,5480
images-08082.png,5481
images-08083.png,5482
images-08084.png,5483
images-08085.png,5484
images-08086.png,5485
images-08087.png,5486
images-08088.png,5487
images-08089.png,5488
images-08090.png,5489
images-08091.png,5490
images-08092.png,5491
images-08093.png,5492
images-08094.png,5493
images-08095.png,5494
images-08096.png,5495
images-08097.png,5496
images-08098.png,5497
images-08099.png,5498
images-08100.png,5499
images-08101.png,5500
images-08102.png,5501
images-08103.png,5502
images-08104.png,5503
images-08105.png,5504
images-08106.png,5505
images-08107.png,5506
images-08108.png,5507
images-08109.png,5508
images-08110.png,5509
images-08111.png,5510
images-08112.png,5511
images-08113.png,5512
images-08114.png,5513
images-08115.png,5514
images-08116.png,5515
images-08117.png,5516
images-08118.png,5517
images-08119.png,5518
images-08120.png,5519
images-08121.png,5520
images-08122.png,5521
images-08123.png,5522
images-08124.png,5523
images-08125.png,5524
images-08126.png,5525
images-08127.png,5526
images-08128.png,5527
images-08129.png,5528
images-08130.png,5529
images-08131.png,5530
images-08132.png,5531
images-08133.png,5532
images-08134.png,5533
images-08135.png,5534
images-08136.png,5535
images-08137.png,5536
images-08138.png,5537
images-08139.png,5538
images-08140.png,5539
images-08141.png,5540
images-08142.png,5541
images-08143.png,5542
images-08144.png,5543
images-08145.png,5544
images-08146.png,5545
images-08147.png,5546
images-08148.png,5547
images-08149.png,5548
images-08150.png,5549
images-08151.png,5550
images-08152.png,5551
images-08153.png,5552
images-08154.png,5553
images-08155.png,5554
images-08156.png,5555
images-08157.png,5556
images-08158.png,5557
images-08159.png,5558
images-08160.png,5559
images-08161.png,5560
images-08162.png,5561
images-08163.png,5562
images-08164.png,5563
images-08165.png,5564
images-08166.png,5565
images-08167.png,5566
images-08168.png,5567
images-08169.png,5568
images-08170.png,5569
images-08171.png,5570
images-08172.png,5571
images-08173.png,5572
images-08174.png,5573
images-08175.png,5574
images-08176.png,5575
images-08177.png,5576
images-08178.png,5577
images-08179.png,5578
images-08180.png,5579
images-08181.png,5580
images-08182.png,5581
images-08183.png,5582
images-08184.png,5583
images-08185.png,5584
images-08186.png,5585
images-08187.png,5586
images-08188.png,5587
images-08189.png,5588
images-08190.png,5589
images-08191.png,5590
images-08192.png,5591
images-08193.png,5592
images-08194.png,5593
images-08195.png,5594
images-08196.png,5595
images-08197.png,5596
images-08198.png,5597
images-08199.png,5598
images-08200.png,5599
images-08201.png,5600
images-08202.png,5601
images-08203.png,5602
images-08204.png,5603
images-08205.png,5604
images-08206.png,5605
images-08207.png,5606
images-08208.png,5607
images-08209.png,5608
images-08210.png,5609
images-08211.png,5610
images-08212.png,5611
images-08213.png,5612
images-08214.png,5613
images-08215.png,5614
images-08216.png,5615
images-08217.png,5616
images-08218.png,5617
images-08219.png,5618
images-08220.png,5619
images-08221.png,5620
images-08222.png,5621
images-08223.png,5622
images-08224.png,5623
images-08225.png,5624
images-08226.png,5625
images-08227.png,5626
images-08228.png,5627
images-08229.png,5628
images-08230.png,5629
images-08231.png,5630
images-08232.png,5631
images-08233.png,5632
images-08234.png,5633
images-08235.png,5634
images-08236.png,5635
images-08237.png,5636
images-08238.png,5637
images-08239.png,5638
images-08240.png,5639
images-08241.png,5640
images-08242.png,5641
images-08243.png,5642
images-08244.png,5643
images-08245.png,5644
images-08246.png,5645
images-08247.png,5646
images-08248.png,5647
images-08249.png,5648
images-08250.png,5649
images-08251.png,5650
images-08252.png,5651
images-08253.png,5652
images-08254.png,5653
images-08255.png,5654
images-08256.png,5655
images-08257.png,5656
images-08258.png,5657
images-08259.png,5658
images-08260.png,5659
images-08261.png,5660
images-08262.png,5661
images-08263.png,5662
images-08264.png,5663
images-08265.png,5664
images-08266.png,5665
images-08267.png,5666
images-08268.png,5667
images-08269.png,5668
images-08270.png,5669
images-08271.png,5670
images-08272.png,5671
images-08273.png,5672
images-08274.png,5673
images-08275.png,5674
images-08276.png,5675
images-08277.png,5676
images-08278.png,5677
images-08279.png,5678
images-08280.png,5679
images-08281.png,5680
images-08282.png,5681
images-08283.png,5682
images-08284.png,5683
images-08285.png,5684
images-08286.png,5685
images-08287.png,5686
images-08288.png,5687
images-08289.png,5688
images-08290.png,5689
images-08291.png,5690
images-08292.png,5691
images-08293.png,5692
images-08294.png,5693
images-08295.png,5694
images-08296.png,5695
images-08297.png,5696
images-08298.png,5697
images-08299.png,5698
images-08300.png,5699
images-08301.png,5700
images-08302.png,5701
images-08303.png,5702
images-08304.png,5703
images-08305.png,5704
images-08306.png,5705
images-08307.png,5706
images-08308.png,5707
images-08309.png,5708
images-08310.png,5709
images-08311.png,5710
images-08312.png,5711
images-08313.png,5712
images-08314.png,5713
images-08315.png,5714
images-08316.png,5715
images-08317.png,5716
images-08318.png,5717
images-08319.png,5718
images-08320.png,5719
images-08321.png,5720
images-08322.png,5721
images-08323.png,5722
images-08324.png,5723
images-08325.png,5724
images-08326.png,5725
images-08327.png,5726
images-08328.png,5727
images-08329.png,5728
images-08330.png,5729
images-08331.png,5730
images-08332.png,5731
images-08333.png,5732
images-08334.png,5733
images-08335.png,5734
images-08336.png,5735
images-08337.png,5736
images-08338.png,5737
images-08339.png,5738
images-08340.png,5739
images-08341.png,5740
images-08342.png,5741
images-08343.png,5742
images-08344.png,5743
images-08345.png,5744
images-08346.png,5745
images-08347.png,5746
images-08348.png,5747
images-08349.png,5748
images-08350.png,5749
images-08351.png,5750
images-08352.png,5751
images-08353.png,5752
images-08354.png,5753
images-08355.png,5754
images-08356.png,5755
images-08357.png,5756
images-08358.png,5757
images-08359.png,5758
images-08360.png,5759
images-08361.png,5760
images-08362.png,5761
images-08363.png,5762
images-08364.png,5763
images-08365.png,5764
images-08366.png,5765
images-08367.png,5766
images-08368.png,5767
images-08369.png,5768
images-08370.png,5769
images-08371.png,5770
images-08372.png,5771
images-08373.png,5772
images-08374.png,5773
images-08375.png,5774
images-08376.png,5775
images-08377.png,5776
images-08378.png,5777
images-08379.png,5778
images-08380.png,5779
images-08381.png,5780
images-08382.png,5781
images-08383.png,5782
images-08384.png,5783
images-08385.png,5784
images-08386.png,5785
images-08387.png,5786
images-08388.png,5787
images-08389.png,5788
images-08390.png,5789
images-08391.png,5790
images-08392.png,5791
images-08393.png,5792
images-08394.png,5793
images-08395.png,5794
images-08396.png,5795
images-08397.png,5796
images-08398.png,5797
images-08399.png,5798
images-08400.png,5799
images-08401.png,5800
images-08402.png,5801
images-08403.png,5802
images-08404.png,5803
images-08405.png,5804
images-08406.png,5805
images-08407.png,5806
images-08408.png,5807
images-08409.png,5808
images-08410.png,5809
images-08411.png,5810
images-08412.png,5811
images-08413.png,5812
images-08414.png,5813
images-08415.png,5814
images-08416.png,5815
images-08417.png,5816
images-08418.png,5817
images-08419.png,5818
images-08420.png,5819
images-08421.png,5820
images-08422.png,5821
images-08423.png,5822
images-08424.png,5823
images-08425.png,5824
images-08426.png,5825
images-08427.png,5826
images-08428.png,5827
images-08429.png,5828
images-08430.png,5829
images-08431.png,5830
images-08432.png,5831
images-08433.png,5832
images-08434.png,5833
images-08435.png,5834
images-08436.png,5835
images-08437.png,5836
images-08438.png,5837
images-08439.png,5838
images-08440.png,5839
images-08441.png,5840
images-08442.png,5841
images-08443.png,5842
images-08444.png,5843
images-08445.png,5844
images-08446.png,5845
images-08447.png,5846
images-08448.png,5847
images-08449.png,5848
images-08450.png,5849
images-08451.png,5850
images-08452.png,5851
images-08453.png,5852
images-08454.png,5853
images-08455.png,5854
images-08456.png,5855
images-08457.png,5856
images-08458.png,5857
images-08459.png,5858
images-08460.png,5859
images-08461.png,5860
images-08462.png,5861
images-08463.png,5862
images-08464.png,5863
images-08465.png,5864
images-08466.png,5865
images-08467.png,5866
images-08468.png,5867
images-08469.png,5868
images-08470.png,5869
images-08471.png,5870
images-08472.png,5871
images-08473.png,5872
images-08474.png,5873
images-08475.png,5874
images-08476.png,5875
images-08477.png,5876
images-08478.png,5877
images-08484.png,5878
images-08485.png,5879
images-08486.png,5880
images-08487.png,5881
images-08488.png,5882
images-08494.png,5883
images-08495.png,5884
images-08496.png,5885
images-08497.png,5886
images-08498.png,5887
images-08499.png,5888
images-08500.png,5889
images-08501.png,5890
images-08502.png,5891
images-08503.png,5892
images-08504.png,5893
images-08505.png,5894
images-08506.png,5895
images-08507.png,5896
images-08508.png,5897
images-08509.png,5898
images-08510.png,5899
images-08511.png,5900
images-08512.png,5901
images-08513.png,5902
images-08514.png,5903
images-08515.png,5904
images-08516.png,5905
images-08517.png,5906
images-08518.png,5907
images-08519.png,5908
images-08520.png,5909
images-08521.png,5910
images-08522.png,5911
images-08523.png,5912
images-08524.png,5913
images-08525.png,5914
images-08526.png,5915
images-08527.png,5916
images-08528.png,5917
images-08529.png,5918
images-08530.png,5919
images-08531.png,5920
images-08532.png,5921
images-08533.png,5922
images-08534.png,5923
images-08535.png,5924
images-08536.png,5925
images-08537.png,5926
images-08538.png,5927
images-08539.png,5928
images-08540.png,5929
images-08541.png,5930
images-08542.png,5931
images-08543.png,5932
images-08544.png,5933
images-08545.png,5934
images-08546.png,5935
images-08547.png,5936
images-08548.png,5937
images-08549.png,5938
images-08550.png,5939
images-08551.png,5940
images-08552.png,5941
images-08553.png,5942
images-08554.png,5943
images-08555.png,5944
images-08556.png,5945
images-08557.png,5946
images-08558.png,5947
images-08559.png,5948
images-08560.png,5949
images-08561.png,5950
images-08562.png,5951
images-08563.png,5952
images-08564.png,5953
images-08565.png,5954
images-08566.png,5955
images-08567.png,5956
images-08568.png,5957
images-08569.png,5958
images-08570.png,5959
images-08571.png,5960
images-08572.png,5961
images-08573.png,5962
images-08574.png,5963
images-08575.png,5964
images-08576.png,5965
images-08577.png,5966
images-08578.png,5967
images-08579.png,5968
images-08580.png,5969
images-08581.png,5970
images-08582.png,5971
images-08583.png,5972
images-08584.png,5973
images-08585.png,5974
images-08586.png,5975
images-08587.png,5976
images-08588.png,5977
images-08589.png,5978
images-08590.png,5979
images-08591.png,5980
images-08592.png,5981
images-08593.png,5982
images-08594.png,5983
images-08595.png,5984
images-08596.png,5985
images-08597.png,5986
images-08598.png,5987
images-08599.png,5988
images-08600.png,5989
images-08601.png,5990
images-08602.png,5991
images-08603.png,5992
images-08604.png,5993
images-08605.png,5994
images-08606.png,5995
images-08607.png,5996
images-08608.png,5997
images-08609.png,5998
images-08610.png,5999
images-08611.png,6000
images-08612.png,6001
images-08613.png,6002
images-08614.png,6003
images-08615.png,6004
images-08616.png,6005
images-08617.png,6006
images-08618.png,6007
images-08619.png,6008
images-08620.png,6009
images-08621.png,6010
images-08622.png,6011
images-08623.png,6012
images-08624.png,6013
images-08625.png,6014
images-08626.png,6015
images-08627.png,6016
images-08628.png,6017
images-08629.png,6018
images-08630.png,6019
images-08631.png,6020
images-08632.png,6021
images-08633.png,6022
images-08634.png,6023
images-08635.png,6024
images-08636.png,6025
images-08637.png,6026
images-08638.png,6027
images-08639.png,6028
images-08640.png,6029
images-08641.png,6030
images-08642.png,6031
images-08643.png,6032
images-08644.png,6033
images-08645.png,6034
images-08646.png,6035
images-08647.png,6036
images-08648.png,6037
images-08649.png,6038
images-08650.png,6039
images-08651.png,6040
images-08652.png,6041
images-08653.png,6042
images-08654.png,6043
images-08655.png,6044
images-08656.png,6045
images-08657.png,6046
images-08658.png,6047
images-08659.png,6048
images-08660.png,6049
images-08661.png,6050
images-08662.png,6051
images-08663.png,6052
images-08664.png,6053
images-08665.png,6054
images-08666.png,6055
images-08667.png,6056
images-08668.png,6057
images-08669.png,6058
images-08670.png,6059
images-08671.png,6060
images-08672.png,6061
images-08673.png,6062
images-08674.png,6063
images-08675.png,6064
images-08676.png,6065
images-08677.png,6066
images-08678.png,6067
images-08679.png,6068
images-08680.png,6069
images-08681.png,6070
images-08682.png,6071
images-08683.png,6072
images-08684.png,6073
images-08685.png,6074
images-08686.png,6075
images-08687.png,6076
images-08688.png,6077
images-08689.png,6078
images-08690.png,6079
images-08691.png,6080
images-08692.png,6081
images-08693.png,6082
images-08694.png,6083
images-08695.png,6084
images-08696.png,6085
images-08697.png,6086
images-08698.png,6087
images-08699.png,6088
images-08700.png,6089
images-08701.png,6090
images-08702.png,6091
images-08703.png,6092
images-08704.png,6093
images-08705.png,6094
images-08706.png,6095
images-08707.png,6096
images-08708.png,6097
images-08709.png,6098
images-08710.png,6099
images-08711.png,6100
images-08712.png,6101
images-08713.png,6102
images-08714.png,6103
images-08715.png,6104
images-08716.png,6105
images-08717.png,6106
images-08718.png,6107
images-08719.png,6108
images-08720.png,6109
images-08721.png,6110
images-08722.png,6111
images-08723.png,6112
images-08724.png,6113
images-08725.png,6114
images-08726.png,6115
images-08727.png,6116
images-08728.png,6117
images-08729.png,6118
images-08730.png,6119
images-08731.png,6120
images-08732.png,6121
images-08733.png,6122
images-08734.png,6123
images-08735.png,6124
images-08736.png,6125
images-08737.png,6126
images-08738.png,6127
images-08739.png,6128
images-08740.png,6129
images-08741.png,6130
images-08742.png,6131
images-08743.png,6132
images-08744.png,6133
images-08745.png,6134
images-08746.png,6135
images-08747.png,6136
images-08748.png,6137
images-08749.png,6138
images-08750.png,6139
images-08751.png,6140
images-08752.png,6141
images-08753.png,6142
images-08754.png,6143
images-08755.png,6144
images-08756.png,6145
images-08757.png,6146
images-08758.png,6147
images-08759.png,6148
images-08760.png,6149
images-08761.png,6150
images-08762.png,6151
images-08763.png,6152
images-08764.png,6153
images-08765.png,6154
images-08766.png,6155
images-08767.png,6156
images-08768.png,6157
images-08769.png,6158
images-08770.png,6159
images-08771.png,6160
images-08772.png,6161
images-08773.png,6162
images-08774.png,6163
images-08775.png,6164
images-08776.png,6165
images-08777.png,6166
images-08778.png,6167
images-08779.png,6168
images-08780.png,6169
images-08781.png,6170
images-08782.png,6171
images-08783.png,6172
images-08784.png,6173
images-08785.png,6174
images-08786.png,6175
images-08787.png,6176
images-08788.png,6177
images-08789.png,6178
images-08790.png,6179
images-08791.png,6180
images-08792.png,6181
images-08793.png,6182
images-08794.png,6183
images-08795.png,6184
images-08796.png,6185
images-08797.png,6186
images-08798.png,6187
images-08799.png,6188
images-08800.png,6189
images-08801.png,6190
images-08802.png,6191
images-08803.png,6192
images-08804.png,6193
images-08805.png,6194
images-08806.png,6195
images-08807.png,6196
images-08808.png,6197
images-08809.png,6198
images-08810.png,6199
images-08811.png,6200
images-08812.png,6201
images-08813.png,6202
images-08814.png,6203
images-08815.png,6204
images-08816.png,6205
images-08817.png,6206
images-08818.png,6207
images-08819.png,6208
images-08820.png,6209
images-08821.png,6210
images-08822.png,6211
images-08823.png,6212
images-08824.png,6213
images-08825.png,6214
images-08826.png,6215
images-08827.png,6216
images-08828.png,6217
images-08829.png,6218
images-08830.png,6219
images-08831.png,6220
images-08832.png,6221
images-08833.png,6222
images-08834.png,6223
images-08835.png,6224
images-08836.png,6225
images-08837.png,6226
images-08838.png,6227
images-08839.png,6228
images-08840.png,6229
images-08841.png,6230
images-08842.png,6231
images-08843.png,6232
images-08844.png,6233
images-08845.png,6234
images-08846.png,6235
images-08847.png,6236
images-08848.png,6237
images-08849.png,6238
images-08850.png,6239
images-08851.png,6240
images-08852.png,6241
images-08853.png,6242
images-08854.png,6243
images-08855.png,6244
images-08856.png,6245
images-08857.png,6246
images-08858.png,6247
images-08859.png,6248
images-08860.png,6249
images-08861.png,6250
images-08862.png,6251
images-08863.png,6252
images-08864.png,6253
images-08865.png,6254
images-08866.png,6255
images-08867.png,6256
images-08868.png,6257
images-08869.png,6258
images-08870.png,6259
images-08871.png,6260
images-08872.png,6261
images-08873.png,6262
images-08874.png,6263
images-08875.png,6264
images-08876.png,6265
images-08877.png,6266
images-08878.png,6267
images-08879.png,6268
images-08880.png,6269
images-08881.png,6270
images-08882.png,6271
images-08883.png,6272
images-08884.png,6273
images-08885.png,6274
images-08886.png,6275
images-08887.png,6276
images-08888.png,6277
images-08889.png,6278
images-08890.png,6279
images-08891.png,6280
images-08892.png,6281
images-08893.png,6282
images-08894.png,6283
images-08895.png,6284
images-08896.png,6285
images-08897.png,6286
images-08898.png,6287
images-08899.png,6288
images-08900.png,6289
images-08901.png,6290
images-08902.png,6291
images-08903.png,6292
images-08904.png,6293
images-08905.png,6294
images-08906.png,6295
images-08907.png,6296
images-08908.png,6297
images-08909.png,6298
images-08910.png,6299
images-08911.png,6300
images-08912.png,6301
images-08913.png,6302
images-08914.png,6303
images-08915.png,6304
images-08916.png,6305
images-08917.png,6306
images-08918.png,6307
images-08919.png,6308
images-08920.png,6309
images-08921.png,6310
images-08922.png,6311
images-08923.png,6312
images-08924.png,6313
images-08925.png,6314
images-08926.png,6315
images-08927.png,6316
images-08928.png,6317
images-08929.png,6318
images-08930.png,6319
images-08931.png,6320
images-08932.png,6321
images-08933.png,6322
images-08934.png,6323
images-08935.png,6324
images-08936.png,6325
images-08937.png,6326
images-08938.png,6327
images-08939.png,6328
images-08940.png,6329
images-08941.png,6330
images-08942.png,6331
images-08943.png,6332
images-08944.png,6333
images-08945.png,6334
images-08946.png,6335
images-08947.png,6336
images-08948.png,6337
images-08949.png,6338
images-08950.png,6339
images-08951.png,6340
images-08952.png,6341
images-08953.png,6342
images-08954.png,6343
images-08955.png,6344
images-08956.png,6345
images-08957.png,6346
images-08958.png,6347
images-08959.png,6348
images-08960.png,6349
images-08961.png,6350
images-08962.png,6351
images-08963.png,6352
images-08964.png,6353
images-08965.png,6354
images-08966.png,6355
images-08967.png,6356
images-08968.png,6357
images-08969.png,6358
images-08970.png,6359
images-08971.png,6360
images-08972.png,6361
images-08973.png,6362
images-08974.png,6363
images-08975.png,6364
images-08976.png,6365
images-08977.png,6366
images-08978.png,6367
images-08979.png,6368
images-08980.png,6369
images-08981.png,6370
images-08982.png,6371
images-08983.png,6372
images-08984.png,6373
images-08985.png,6374
images-08986.png,6375
images-08987.png,6376
images-08988.png,6377
images-08989.png,6378
images-08990.png,6379
images-08991.png,6380
images-08992.png,6381
images-08993.png,6382
images-08994.png,6383
images-08995.png,6384
images-08996.png,6385
images-08997.png,6386
images-08998.png,6387
images-08999.png,6388
images-09000.png,6389
images-09001.png,6390
images-09002.png,6391
images-09003.png,6392
images-09004.png,6393
images-09005.png,6394
images-09006.png,6395
images-09007.png,6396
images-09008.png,6397
images-09009.png,6398
images-09010.png,6399
images-09011.png,6400
images-09012.png,6401
images-09013.png,6402
images-09014.png,6403
images-09015.png,6404
images-09016.png,6405
images-09017.png,6406
images-09018.png,6407
images-09019.png,6408
images-09020.png,6409
images-09021.png,6410
images-09022.png,6411
images-09023.png,6412
images-09024.png,6413
images-09025.png,6414
images-09026.png,6415
images-09027.png,6416
images-09028.png,6417
images-09029.png,6418
images-09030.png,6419
images-09031.png,6420
images-09032.png,6421
images-09033.png,6422
images-09034.png,6423
images-09035.png,6424
images-09036.png,6425
images-09037.png,6426
images-09038.png,6427
images-09039.png,6428
images-09040.png,6429
images-09041.png,6430
images-09042.png,6431
images-09043.png,6432
images-09044.png,6433
images-09045.png,6434
images-09046.png,6435
images-09047.png,6436
images-09048.png,6437
images-09049.png,6438
images-09050.png,6439
images-09051.png,6440
images-09052.png,6441
images-09053.png,6442
images-09054.png,6443
images-09055.png,6444
images-09056.png,6445
images-09057.png,6446
images-09058.png,6447
images-09059.png,6448
images-09060.png,6449
images-09061.png,6450
images-09062.png,6451
images-09063.png,6452
images-09064.png,6453
images-09065.png,6454
images-09066.png,6455
images-09067.png,6456
images-09068.png,6457
images-09069.png,6458
images-09070.png,6459
images-09071.png,6460
images-09072.png,6461
images-09073.png,6462
images-09074.png,6463
images-09075.png,6464
images-09076.png,6465
images-09077.png,6466
images-09078.png,6467
images-09079.png,6468
images-09080.png,6469
images-09081.png,6470
images-09082.png,6471
images-09083.png,6472
images-09084.png,6473
images-09085.png,6474
images-09086.png,6475
images-09087.png,6476
images-09088.png,6477
images-09089.png,6478
images-09090.png,6479
images-09091.png,6480
images-09092.png,6481
images-09093.png,6482
images-09094.png,6483
images-09095.png,6484
images-09096.png,6485
images-09097.png,6486
images-09098.png,6487
images-09099.png,6488
images-09100.png,6489
images-09101.png,6490
images-09102.png,6491
images-09103.png,6492
images-09104.png,6493
images-09105.png,6494
images-09106.png,6495
images-09107.png,6496
images-09108.png,6497
images-09109.png,6498
images-09110.png,6499
images-09111.png,6500
images-09112.png,6501
images-09113.png,6502
images-09114.png,6503
images-09115.png,6504
images-09116.png,6505
images-09117.png,6506
images-09118.png,6507
images-09119.png,6508
images-09120.png,6509
images-09121.png,6510
images-09122.png,6511
images-09123.png,6512
images-09124.png,6513
images-09125.png,6514
images-09126.png,6515
images-09127.png,6516
images-09128.png,6517
images-09129.png,6518
images-09130.png,6519
images-09131.png,6520
images-09132.png,6521
images-09133.png,6522
images-09134.png,6523
images-09135.png,6524
images-09136.png,6525
images-09137.png,6526
images-09138.png,6527
images-09139.png,6528
images-09140.png,6529
images-09141.png,6530
images-09142.png,6531
images-09143.png,6532
images-09144.png,6533
images-09145.png,6534
images-09146.png,6535
images-09147.png,6536
images-09148.png,6537
images-09149.png,6538
images-09150.png,6539
images-09151.png,6540
images-09152.png,6541
images-09153.png,6542
images-09154.png,6543
images-09155.png,6544
images-09156.png,6545
images-09157.png,6546
images-09158.png,6547
images-09159.png,6548
images-09160.png,6549
images-09161.png,6550
images-09162.png,6551
images-09163.png,6552
images-09164.png,6553
images-09165.png,6554
images-09166.png,6555
images-09167.png,6556
images-09168.png,6557
images-09169.png,6558
images-09170.png,6559
images-09171.png,6560
images-09172.png,6561
images-09173.png,6562
images-09174.png,6563
images-09175.png,6564
images-09176.png,6565
images-09177.png,6566
images-09178.png,6567
images-09179.png,6568
images-09180.png,6569
images-09181.png,6570
images-09182.png,6571
images-09183.png,6572
images-09184.png,6573
images-09185.png,6574
images-09186.png,6575
images-09187.png,6576
images-09188.png,6577
images-09189.png,6578
images-09190.png,6579
images-09191.png,6580
images-09192.png,6581
images-09193.png,6582
images-09194.png,6583
images-09195.png,6584
images-09196.png,6585
images-09197.png,6586
images-09198.png,6587
images-09199.png,6588
images-09200.png,6589
images-09201.png,6590
images-09202.png,6591
images-09203.png,6592
images-09204.png,6593
images-09205.png,6594
images-09206.png,6595
images-09207.png,6596
images-09208.png,6597
images-09209.png,6598
images-09210.png,6599
images-09211.png,6600
images-09212.png,6601
images-09213.png,6602
images-09214.png,6603
images-09215.png,6604
images-09216.png,6605
images-09217.png,6606
images-09218.png,6607
images-09219.png,6608
images-09220.png,6609
images-09221.png,6610
images-09222.png,6611
images-09223.png,6612
images-09224.png,6613
images-09225.png,6614
images-09226.png,6615
images-09227.png,6616
images-09228.png,6617
images-09229.png,6618
images-09230.png,6619
images-09231.png,6620
images-09232.png,6621
images-09233.png,6622
images-09234.png,6623
images-09235.png,6624
images-09236.png,6625
images-09237.png,6626
images-09238.png,6627
images-09239.png,6628
images-09240.png,6629
images-09241.png,6630
images-09242.png,6631
images-09243.png,6632
images-09244.png,6633
images-09245.png,6634
images-09246.png,6635
images-09247.png,6636
images-09248.png,6637
images-09249.png,6638
images-09250.png,6639
images-09251.png,6640
images-09252.png,6641
images-09253.png,6642
images-09254.png,6643
images-09255.png,6644
images-09256.png,6645
images-09257.png,6646
images-09258.png,6647
images-09259.png,6648
images-09260.png,6649
images-09261.png,6650
images-09262.png,6651
images-09263.png,6652
images-09264.png,6653
images-09265.png,6654
images-09266.png,6655
images-09267.png,6656
images-09268.png,6657
images-09269.png,6658
images-09270.png,6659
images-09271.png,6660
images-09272.png,6661
images-09273.png,6662
images-09274.png,6663
images-09275.png,6664
images-09276.png,6665
images-09277.png,6666
images-09278.png,6667
images-09279.png,6668
images-09280.png,6669
images-09281.png,6670
images-09282.png,6671
images-09283.png,6672
images-09284.png,6673
images-09285.png,6674
images-09286.png,6675
images-09287.png,6676
images-09288.png,6677
images-09289.png,6678
images-09290.png,6679
images-09291.png,6680
images-09292.png,6681
images-09293.png,6682
images-09294.png,6683
images-09295.png,6684
images-09296.png,6685
images-09297.png,6686
images-09298.png,6687
images-09299.png,6688
images-09300.png,6689
images-09301.png,6690
images-09302.png,6691
images-09303.png,6692
images-09304.png,6693
images-09305.png,6694
images-09306.png,6695
images-09307.png,6696
images-09308.png,6697
images-09309.png,6698
images-09310.png,6699
images-09311.png,6700
images-09312.png,6701
images-09313.png,6702
images-09314.png,6703
images-09315.png,6704
images-09316.png,6705
images-09317.png,6706
images-09318.png,6707
images-09319.png,6708
images-09320.png,6709
images-09321.png,6710
images-09322.png,6711
images-09323.png,6712
images-09324.png,6713
images-09325.png,6714
images-09326.png,6715
images-09327.png,6716
images-09328.png,6717
images-09329.png,6718
images-09330.png,6719
images-09331.png,6720
images-09332.png,6721
images-09333.png,6722
images-09334.png,6723
images-09335.png,6724
images-09336.png,6725
images-09337.png,6726
images-09338.png,6727
images-09339.png,6728
images-09340.png,6729
images-09341.png,6730
images-09342.png,6731
images-09343.png,6732
images-09344.png,6733
images-09345.png,6734
images-09346.png,6735
images-09347.png,6736
images-09348.png,6737
images-09349.png,6738
images-09350.png,6739
images-09351.png,6740
images-09352.png,6741
images-09353.png,6742
images-09354.png,6743
images-09355.png,6744
images-09356.png,6745
images-09357.png,6746
images-09358.png,6747
images-09359.png,6748
images-09360.png,6749
images-09361.png,6750
images-09362.png,6751
images-09363.png,6752
images-09364.png,6753
images-09365.png,6754
images-09366.png,6755
images-09367.png,6756
images-09368.png,6757
images-09369.png,6758
images-09370.png,6759
images-09371.png,6760
images-09372.png,6761
images-09373.png,6762
images-09374.png,6763
images-09375.png,6764
images-09376.png,6765
images-09377.png,6766
images-09378.png,6767
images-09379.png,6768
images-09380.png,6769
images-09381.png,6770
images-09382.png,6771
images-09383.png,6772
images-09384.png,6773
images-09385.png,6774
images-09386.png,6775
images-09387.png,6776
images-09388.png,6777
images-09389.png,6778
images-09390.png,6779
images-09391.png,6780
images-09392.png,6781
images-09393.png,6782
images-09394.png,6783
images-09395.png,6784
images-09396.png,6785
images-09397.png,6786
images-09398.png,6787
images-09399.png,6788
images-09400.png,6789
images-09401.png,6790
images-09402.png,6791
images-09403.png,6792
images-09404.png,6793
images-09405.png,6794
images-09406.png,6795
images-09407.png,6796
images-09408.png,6797
images-09409.png,6798
images-09410.png,6799
images-09411.png,6800
images-09412.png,6801
images-09413.png,6802
images-09414.png,6803
images-09415.png,6804
images-09416.png,6805
images-09417.png,6806
images-09418.png,6807
images-09419.png,6808
images-09420.png,6809
images-09421.png,6810
images-09422.png,6811
images-09423.png,6812
images-09424.png,6813
images-09425.png,6814
images-09426.png,6815
images-09427.png,6816
images-09428.png,6817
images-09429.png,6818
images-09430.png,6819
images-09431.png,6820
images-09432.png,6821
images-09433.png,6822
images-09434.png,6823
images-09435.png,6824
images-09436.png,6825
images-09437.png,6826
images-09438.png,6827
images-09439.png,6828
images-09440.png,6829
images-09441.png,6830
images-09442.png,6831
images-09443.png,6832
images-09444.png,6833
images-09445.png,6834
images-09446.png,6835
images-09447.png,6836
images-09448.png,6837
images-09449.png,6838
images-09450.png,6839
images-09451.png,6840
images-09452.png,6841
images-09453.png,6842
images-09454.png,6843
images-09455.png,6844
images-09456.png,6845
images-09457.png,6846
images-09458.png,6847
images-09459.png,6848
images-09460.png,6849
images-09461.png,6850
images-09462.png,6851
images-09463.png,6852
images-09464.png,6853
images-09465.png,6854
images-09466.png,6855
images-09467.png,6856
images-09468.png,6857
images-09469.png,6858
images-09470.png,6859
images-09471.png,6860
images-09472.png,6861
images-09473.png,6862
images-09474.png,6863
images-09475.png,6864
images-09476.png,6865
images-09477.png,6866
images-09478.png,6867
images-09479.png,6868
images-09480.png,6869
images-09481.png,6870
images-09482.png,6871
images-09483.png,6872
images-09484.png,6873
images-09485.png,6874
images-09486.png,6875
images-09487.png,6876
images-09488.png,6877
images-09489.png,6878
images-09490.png,6879
images-09491.png,6880
images-09492.png,6881
images-09493.png,6882
images-09494.png,6883
images-09495.png,6884
images-09496.png,6885
images-09497.png,6886
images-09498.png,6887
images-09499.png,6888
images-09500.png,6889
images-09501.png,6890
images-09502.png,6891
images-09503.png,6892
images-09504.png,6893
images-09505.png,6894
images-09506.png,6895
images-09507.png,6896
images-09508.png,6897
images-09509.png,6898
images-09510.png,6899
images-09511.png,6900
images-09512.png,6901
images-09513.png,6902
images-09514.png,6903
images-09515.png,6904
images-09516.png,6905
images-09517.png,6906
images-09518.png,6907
images-09519.png,6908
images-09520.png,6909
images-09521.png,6910
images-09522.png,6911
images-09523.png,6912
images-09524.png,6913
images-09525.png,6914
images-09526.png,6915
images-09527.png,6916
images-09528.png,6917
images-09529.png,6918
images-09530.png,6919
images-09531.png,6920
images-09532.png,6921
images-09533.png,6922
images-09534.png,6923
images-09535.png,6924
images-09536.png,6925
images-09537.png,6926
images-09538.png,6927
images-09539.png,6928
images-09540.png,6929
images-09541.png,6930
images-09542.png,6931
images-09543.png,6932
images-09544.png,6933
images-09545.png,6934
images-09546.png,6935
images-09547.png,6936
images-09548.png,6937
images-09549.png,6938
images-09550.png,6939
images-09551.png,6940
images-09552.png,6941
images-09553.png,6942
images-09554.png,6943
images-09555.png,6944
images-09556.png,6945
images-09557.png,6946
images-09558.png,6947
images-09559.png,6948
images-09560.png,6949
images-09561.png,6950
images-09562.png,6951
images-09563.png,6952
images-09564.png,6953
images-09565.png,6954
images-09566.png,6955
images-09567.png,6956
images-09568.png,6957
images-09569.png,6958
images-09570.png,6959
images-09571.png,6960
images-09572.png,6961
images-09573.png,6962
images-09574.png,6963
images-09575.png,6964
images-09576.png,6965
images-09577.png,6966
images-09578.png,6967
images-09579.png,6968
images-09580.png,6969
images-09581.png,6970
images-09582.png,6971
images-09583.png,6972
images-09584.png,6973
images-09585.png,6974
images-09586.png,6975
images-09587.png,6976
images-09588.png,6977
images-09589.png,6978
images-09590.png,6979
images-09591.png,6980
images-09592.png,6981
images-09593.png,6982
images-09594.png,6983
images-09595.png,6984
images-09596.png,6985
images-09597.png,6986
images-09598.png,6987
images-09599.png,6988
images-09600.png,6989
images-09601.png,6990
images-09602.png,6991
images-09603.png,6992
images-09604.png,6993
images-09605.png,6994
images-09606.png,6995
images-09607.png,6996
images-09608.png,6997
images-09609.png,6998
images-09610.png,6999
images-09611.png,7000
images-09612.png,7001
images-09613.png,7002
images-09614.png,7003
images-09615.png,7004
images-09616.png,7005
images-09617.png,7006
images-09618.png,7007
images-09619.png,7008
images-09620.png,7009
images-09621.png,7010
images-09622.png,7011
images-09623.png,7012
images-09624.png,7013
images-09625.png,7014
images-09626.png,7015
images-09627.png,7016
images-09628.png,7017
images-09629.png,7018
images-09630.png,7019
images-09631.png,7020
images-09632.png,7021
images-09633.png,7022
images-09634.png,7023
images-09635.png,7024
images-09636.png,7025
images-09637.png,7026
images-09638.png,7027
images-09639.png,7028
images-09640.png,7029
images-09641.png,7030
images-09642.png,7031
images-09643.png,7032
images-09644.png,7033
images-09645.png,7034
images-09646.png,7035
images-09647.png,7036
images-09648.png,7037
images-09649.png,7038
images-09650.png,7039
images-09651.png,7040
images-09652.png,7041
images-09653.png,7042
images-09654.png,7043
images-09655.png,7044
images-09656.png,7045
images-09657.png,7046
images-09658.png,7047
images-09659.png,7048
images-09660.png,7049
images-09661.png,7050
images-09662.png,7051
images-09663.png,7052
images-09664.png,7053
images-09665.png,7054
images-09666.png,7055
images-09667.png,7056
images-09668.png,7057
images-09669.png,7058
images-09670.png,7059
images-09671.png,7060
images-09672.png,7061
images-09673.png,7062
images-09674.png,7063
images-09675.png,7064
images-09676.png,7065
images-09677.png,7066
images-09678.png,7067
images-09679.png,7068
images-09680.png,7069
images-09681.png,7070
images-09682.png,7071
images-09683.png,7072
images-09684.png,7073
images-09685.png,7074
images-09686.png,7075
images-09687.png,7076
images-09688.png,7077
images-09689.png,7078
images-09690.png,7079
images-09691.png,7080
images-09692.png,7081
images-09693.png,7082
images-09694.png,7083
images-09695.png,7084
images-09696.png,7085
images-09697.png,7086
images-09698.png,7087
images-09699.png,7088
images-09700.png,7089
images-09701.png,7090
images-09702.png,7091
images-09703.png,7092
images-09704.png,7093
images-09705.png,7094
images-09706.png,7095
images-09707.png,7096
images-09708.png,7097
images-09709.png,7098
images-09710.png,7099
images-09711.png,7100
images-09712.png,7101
images-09713.png,7102
images-09714.png,7103
images-09715.png,7104
images-09716.png,7105
images-09717.png,7106
images-09718.png,7107
images-09719.png,7108
images-09720.png,7109
images-09721.png,7110
images-09722.png,7111
images-09723.png,7112
images-09724.png,7113
images-09725.png,7114
images-09726.png,7115
images-09727.png,7116
images-09728.png,7117
images-09729.png,7118
images-09730.png,7119
images-09731.png,7120
images-09732.png,7121
images-09733.png,7122
images-09734.png,7123
images-09735.png,7124
images-09736.png,7125
images-09737.png,7126
images-09738.png,7127
images-09739.png,7128
images-09740.png,7129
images-09741.png,7130
images-09742.png,7131
images-09743.png,7132
images-09744.png,7133
images-09745.png,7134
images-09746.png,7135
images-09747.png,7136
images-09748.png,7137
images-09749.png,7138
images-09750.png,7139
images-09751.png,7140
images-09752.png,7141
images-09753.png,7142
images-09754.png,7143
images-09755.png,7144
images-09756.png,7145
images-09757.png,7146
images-09758.png,7147
images-09759.png,7148
images-09760.png,7149
images-09761.png,7150
images-09762.png,7151
images-09763.png,7152
images-09764.png,7153
images-09765.png,7154
images-09766.png,7155
images-09767.png,7156
images-09768.png,7157
images-09769.png,7158
images-09770.png,7159
images-09771.png,7160
images-09772.png,7161
images-09773.png,7162
images-09774.png,7163
images-09775.png,7164
images-09776.png,7165
images-09777.png,7166
images-09778.png,7167
images-09779.png,7168
images-09780.png,7169
images-09781.png,7170
images-09782.png,7171
images-09783.png,7172
images-09784.png,7173
images-09785.png,7174
images-09786.png,7175
images-09787.png,7176
images-09788.png,7177
images-09789.png,7178
images-09790.png,7179
images-09791.png,7180
images-09792.png,7181
images-09793.png,7182
images-09794.png,7183
images-09795.png,7184
images-09796.png,7185
images-09797.png,7186
images-09798.png,7187
images-09799.png,7188
images-09800.png,7189
images-09801.png,7190
images-09802.png,7191
images-09803.png,7192
images-09804.png,7193
images-09805.png,7194
images-09806.png,7195
images-09807.png,7196
images-09808.png,7197
images-09809.png,7198
images-09810.png,7199
images-09811.png,7200
images-09812.png,7201
images-09813.png,7202
images-09814.png,7203
images-09815.png,7204
images-09816.png,7205
images-09817.png,7206
images-09818.png,7207
images-09819.png,7208
images-09820.png,7209
images-09821.png,7210
images-09822.png,7211
images-09823.png,7212
images-09824.png,7213
images-09825.png,7214
images-09826.png,7215
images-09827.png,7216
images-09828.png,7217
images-09829.png,7218
images-09830.png,7219
images-09831.png,7220
images-09832.png,7221
images-09833.png,7222
images-09834.png,7223
images-09835.png,7224
images-09836.png,7225
images-09837.png,7226
images-09838.png,7227
images-09839.png,7228
images-09840.png,7229
images-09841.png,7230
images-09842.png,7231
images-09843.png,7232
images-09844.png,7233
images-09845.png,7234
images-09846.png,7235
images-09847.png,7236
images-09848.png,7237
images-09849.png,7238
images-09850.png,7239
images-09851.png,7240
images-09852.png,7241
images-09853.png,7242
images-09854.png,7243
images-09855.png,7244
images-09856.png,7245
images-09857.png,7246
images-09858.png,7247
images-09859.png,7248
images-09860.png,7249
images-09861.png,7250
images-09862.png,7251
images-09863.png,7252
images-09864.png,7253
images-09865.png,7254
images-09866.png,7255
images-09867.png,7256
images-09868.png,7257
images-09869.png,7258
images-09870.png,7259
images-09871.png,7260
images-09872.png,7261
images-09873.png,7262
images-09874.png,7263
images-09875.png,7264
images-09876.png,7265
images-09877.png,7266
images-09878.png,7267
images-09879.png,7268
images-09880.png,7269
images-09881.png,7270
images-09882.png,7271
images-09883.png,7272
images-09884.png,7273
images-09885.png,7274
images-09886.png,7275
images-09887.png,7276
images-09888.png,7277
images-09889.png,7278
images-09890.png,7279
images-09891.png,7280
images-09892.png,7281
images-09893.png,7282
images-09894.png,7283
images-09895.png,7284
images-09896.png,7285
images-09897.png,7286
images-09898.png,7287
images-09899.png,7288
images-09900.png,7289
images-09901.png,7290
images-09902.png,7291
images-09903.png,7292
images-09904.png,7293
images-09905.png,7294
images-09906.png,7295
images-09907.png,7296
images-09908.png,7297
images-09909.png,7298
images-09910.png,7299
images-09911.png,7300
images-09912.png,7301
images-09913.png,7302
images-09914.png,7303
images-09915.png,7304
images-09916.png,7305
images-09917.png,7306
images-09918.png,7307
images-09919.png,7308
images-09920.png,7309
images-09921.png,7310
images-09922.png,7311
images-09923.png,7312
images-09924.png,7313
images-09925.png,7314
images-09926.png,7315
images-09927.png,7316
images-09928.png,7317
images-09929.png,7318
images-09930.png,7319
images-09931.png,7320
images-09932.png,7321
images-09933.png,7322
images-09934.png,7323
images-09935.png,7324
images-09936.png,7325
images-09937.png,7326
images-09938.png,7327
images-09939.png,7328
images-09940.png,7329
images-09941.png,7330
images-09942.png,7331
images-09943.png,7332
images-09944.png,7333
images-09945.png,7334
images-09946.png,7335
images-09947.png,7336
images-09948.png,7337
images-09949.png,7338
images-09950.png,7339
images-09951.png,7340
images-09952.png,7341
images-09953.png,7342
images-09954.png,7343
images-09955.png,7344
images-09956.png,7345
images-09957.png,7346
images-09958.png,7347
images-09959.png,7348
images-09960.png,7349
images-09961.png,7350
images-09962.png,7351
images-09963.png,7352
images-09964.png,7353
images-09965.png,7354
images-09966.png,7355
images-09979.png,7356
images-09980.png,7357
images-09981.png,7358
images-09982.png,7359
images-09983.png,7360
images-09984.png,7361
images-09985.png,7362
images-09986.png,7363
images-09987.png,7364
images-09988.png,7365
images-09989.png,7366
images-09990.png,7367
images-09991.png,7368
images-09992.png,7369
images-09993.png,7370
images-09994.png,7371
images-09995.png,7372
images-09996.png,7373
images-09997.png,7374
images-09998.png,7375
images-09999.png,7376
images-10000.png,7377
images-10001.png,7378
images-10002.png,7379
images-10003.png,7380
images-10004.png,7381
images-10005.png,7382
images-10006.png,7383
images-10007.png,7384
images-10008.png,7385
images-10009.png,7386
images-10010.png,7387
images-10011.png,7388
images-10012.png,7389
images-10013.png,7390
images-10014.png,7391
images-10015.png,7392
images-10016.png,7393
images-10017.png,7394
images-10018.png,7395
images-10019.png,7396
images-10020.png,7397
images-10021.png,7398
images-10022.png,7399
images-10023.png,7400
images-10024.png,7401
images-10025.png,7402
images-10026.png,7403
images-10027.png,7404
images-10028.png,7405
images-10029.png,7406
images-10030.png,7407
images-10031.png,7408
images-10032.png,7409
images-10033.png,7410
images-10034.png,7411
images-10035.png,7412
images-10036.png,7413
images-10037.png,7414
images-10038.png,7415
images-10039.png,7416
images-10040.png,7417
images-10041.png,7418
images-10204.png,7419
images-10205.png,7420
images-10206.png,7421
images-10207.png,7422
images-10208.png,7423
images-10209.png,7424
images-10210.png,7425
images-10211.png,7426
images-10212.png,7427
images-10213.png,7428
images-10214.png,7429
images-10215.png,7430
images-10216.png,7431
images-10217.png,7432
images-10218.png,7433
images-10219.png,7434
images-10220.png,7435
images-10221.png,7436
images-10222.png,7437
images-10223.png,7438
images-10224.png,7439
images-10225.png,7440
images-10226.png,7441
images-10227.png,7442
images-10228.png,7443
images-10229.png,7444
images-10230.png,7445
images-10231.png,7446
images-10232.png,7447
images-10233.png,7448
images-10234.png,7449
images-10235.png,7450
images-10236.png,7451
images-10237.png,7452
images-10238.png,7453
images-10268.png,7454
images-10269.png,7455
images-10270.png,7456
images-10271.png,7457
images-10272.png,7458
images-10273.png,7459
images-10274.png,7460
images-10275.png,7461
images-10276.png,7462
images-10277.png,7463
images-10278.png,7464
images-10279.png,7465
images-10280.png,7466
images-10281.png,7467
images-10282.png,7468
images-10283.png,7469
images-10284.png,7470
images-10285.png,7471
images-10286.png,7472
images-10287.png,7473
images-10288.png,7474
images-10289.png,7475
images-10290.png,7476
images-10291.png,7477
images-10292.png,7478
images-10293.png,7479
images-10294.png,7480
images-10295.png,7481
images-10296.png,7482
images-10297.png,7483
images-10298.png,7484
images-10299.png,7485
images-10300.png,7486
images-10301.png,7487
images-10302.png,7488
images-10303.png,7489
images-10304.png,7490
images-10305.png,7491
images-10306.png,7492
images-10307.png,7493
images-10308.png,7494
images-10309.png,7495
images-10310.png,7496
images-10311.png,7497
images-10312.png,7498
images-10313.png,7499
images-10314.png,7500
images-10315.png,7501
images-10316.png,7502
images-10317.png,7503
images-10318.png,7504
images-10319.png,7505
images-10320.png,7506
images-10321.png,7507
images-10322.png,7508
images-10323.png,7509
images-10324.png,7510
images-10325.png,7511
images-10326.png,7512
images-10327.png,7513
images-10328.png,7514
images-10329.png,7515
images-10330.png,7516
images-10331.png,7517
images-10332.png,7518
images-10333.png,7519
images-10334.png,7520
images-10335.png,7521
images-10336.png,7522
images-10337.png,7523
images-10338.png,7524
images-10339.png,7525
images-10340.png,7526
images-10341.png,7527
images-10342.png,7528
images-10343.png,7529
images-10344.png,7530
images-10345.png,7531
images-10346.png,7532
images-10347.png,7533
images-10348.png,7534
images-10349.png,7535
images-10350.png,7536
images-10351.png,7537
images-10352.png,7538
images-10353.png,7539
images-10354.png,7540
images-10355.png,7541
images-10356.png,7542
images-10357.png,7543
images-10358.png,7544
images-10359.png,7545
images-10360.png,7546
images-10361.png,7547
images-10362.png,7548
images-10363.png,7549
images-10364.png,7550
images-10365.png,7551
images-10366.png,7552
images-10367.png,7553
images-10368.png,7554
images-10369.png,7555
images-10370.png,7556
images-10371.png,7557
images-10372.png,7558
images-10373.png,7559
images-10374.png,7560
images-10375.png,7561
images-10376.png,7562
images-10377.png,7563
images-10378.png,7564
images-10379.png,7565
images-10380.png,7566
images-10381.png,7567
images-10382.png,7568
images-10383.png,7569
images-10384.png,7570
images-10385.png,7571
images-10386.png,7572
images-10387.png,7573
images-10388.png,7574
images-10389.png,7575
images-10390.png,7576
images-10391.png,7577
images-10392.png,7578
images-10393.png,7579
images-10394.png,7580
images-10395.png,7581
images-10396.png,7582
images-10397.png,7583
images-10398.png,7584
images-10399.png,7585
images-10400.png,7586
images-10401.png,7587
images-10402.png,7588
images-10403.png,7589
images-10404.png,7590
images-10405.png,7591
images-10406.png,7592
images-10407.png,7593
images-10416.png,7594
images-10417.png,7595
images-10418.png,7596
images-10419.png,7597
images-10420.png,7598
images-10421.png,7599
images-10422.png,7600
images-10423.png,7601
images-10424.png,7602
images-10425.png,7603
images-10426.png,7604
images-10427.png,7605
images-10428.png,7606
images-10429.png,7607
images-10430.png,7608
images-10431.png,7609
images-10432.png,7610
images-10433.png,7611
images-10434.png,7612
images-10435.png,7613
images-10436.png,7614
images-10437.png,7615
images-10438.png,7616
images-10439.png,7617
images-10440.png,7618
images-10441.png,7619
images-10442.png,7620
images-10443.png,7621
images-10444.png,7622
images-10445.png,7623
images-10446.png,7624
images-10447.png,7625
images-10448.png,7626
images-10449.png,7627
images-10450.png,7628
images-10451.png,7629
images-10452.png,7630
images-10453.png,7631
images-10454.png,7632
images-10455.png,7633
images-10456.png,7634
images-10457.png,7635
images-10458.png,7636
images-10459.png,7637
images-10460.png,7638
images-10461.png,7639
images-10462.png,7640
images-10463.png,7641
images-10464.png,7642
images-10465.png,7643
images-10466.png,7644
images-10467.png,7645
images-10468.png,7646
images-10469.png,7647
images-10470.png,7648
images-10471.png,7649
images-10472.png,7650
images-10473.png,7651
images-10474.png,7652
images-10475.png,7653
images-10476.png,7654
images-10477.png,7655
images-10478.png,7656
images-10479.png,7657
images-10480.png,7658
images-10481.png,7659
images-10482.png,7660
images-10483.png,7661
images-10484.png,7662
images-10485.png,7663
images-10486.png,7664
images-10487.png,7665
images-10488.png,7666
images-10489.png,7667
images-10490.png,7668
images-10491.png,7669
images-10492.png,7670
images-10493.png,7671
images-10494.png,7672
images-10495.png,7673
images-10496.png,7674
images-10497.png,7675
images-10498.png,7676
images-10499.png,7677
images-10500.png,7678
images-10501.png,7679
images-10502.png,7680
images-10503.png,7681
images-10504.png,7682
images-10505.png,7683
images-10506.png,7684
images-10507.png,7685
images-10508.png,7686
images-10509.png,7687
images-10510.png,7688
images-10511.png,7689
images-10512.png,7690
images-10513.png,7691
images-10514.png,7692
images-10515.png,7693
images-10516.png,7694
images-10517.png,7695
images-10518.png,7696
images-10519.png,7697
images-10520.png,7698
images-10521.png,7699
images-10522.png,7700
images-10523.png,7701
images-10524.png,7702
images-10525.png,7703
images-10526.png,7704
images-10527.png,7705
images-10528.png,7706
images-10529.png,7707
images-10530.png,7708
images-10531.png,7709
images-10532.png,7710
images-10533.png,7711
images-10534.png,7712
images-10535.png,7713
images-10536.png,7714
images-10537.png,7715
images-10538.png,7716
images-10539.png,7717
images-10540.png,7718
images-10541.png,7719
images-10542.png,7720
images-10543.png,7721
images-10544.png,7722
images-10545.png,7723
images-10546.png,7724
images-10547.png,7725
images-10548.png,7726
images-10549.png,7727
images-10550.png,7728
images-10551.png,7729
images-10552.png,7730
images-10553.png,7731
images-10554.png,7732
images-10555.png,7733
images-10556.png,7734
images-10557.png,7735
images-10558.png,7736
images-10559.png,7737
images-10560.png,7738
images-10561.png,7739
images-10562.png,7740
images-10563.png,7741
images-10564.png,7742
images-10565.png,7743
images-10566.png,7744
images-10567.png,7745
images-10568.png,7746
images-10569.png,7747
images-10570.png,7748
images-10571.png,7749
images-10572.png,7750
images-10573.png,7751
images-10574.png,7752
images-10575.png,7753
images-10576.png,7754
images-10577.png,7755
images-10578.png,7756
images-10579.png,7757
images-10580.png,7758
images-10581.png,7759
images-10582.png,7760
images-10583.png,7761
images-10584.png,7762
images-10585.png,7763
images-10586.png,7764
images-10587.png,7765
images-10588.png,7766
images-10589.png,7767
images-10590.png,7768
images-10591.png,7769
images-10592.png,7770
images-10593.png,7771
images-10594.png,7772
images-10595.png,7773
images-10596.png,7774
images-10597.png,7775
images-10598.png,7776
images-10599.png,7777
images-10600.png,7778
images-10601.png,7779
images-10602.png,7780
images-10603.png,7781
images-10604.png,7782
images-10605.png,7783
images-10606.png,7784
images-10607.png,7785
images-10608.png,7786
images-10609.png,7787
images-10610.png,7788
images-10611.png,7789
images-10612.png,7790
images-10613.png,7791
images-10614.png,7792
images-10615.png,7793
images-10616.png,7794
images-10617.png,7795
images-10618.png,7796
images-10619.png,7797
images-10620.png,7798
images-10621.png,7799
images-10622.png,7800
images-10623.png,7801
images-10624.png,7802
images-10625.png,7803
images-10626.png,7804
images-10627.png,7805
images-10628.png,7806
images-10629.png,7807
images-10630.png,7808
images-10631.png,7809
images-10632.png,7810
images-10633.png,7811
images-10634.png,7812
images-10635.png,7813
images-10636.png,7814
images-10637.png,7815
images-10638.png,7816
images-10639.png,7817
images-10640.png,7818
images-10641.png,7819
images-10642.png,7820
images-10643.png,7821
images-10644.png,7822
images-10645.png,7823
images-10646.png,7824
images-10647.png,7825
images-10648.png,7826
images-10649.png,7827
images-10650.png,7828
images-10651.png,7829
images-10652.png,7830
images-10653.png,7831
images-10654.png,7832
images-10655.png,7833
images-10656.png,7834
images-10657.png,7835
images-10658.png,7836
images-10659.png,7837
images-10660.png,7838
images-10661.png,7839
images-10662.png,7840
images-10663.png,7841
images-10664.png,7842
images-10665.png,7843
images-10666.png,7844
images-10667.png,7845
images-10668.png,7846
images-10669.png,7847
images-10670.png,7848
images-10671.png,7849
images-10672.png,7850
images-10673.png,7851
images-10674.png,7852
images-10675.png,7853
images-10676.png,7854
images-10677.png,7855
images-10678.png,7856
images-10679.png,7857
images-10680.png,7858
images-10681.png,7859
images-10682.png,7860
images-10683.png,7861
images-10684.png,7862
images-10685.png,7863
images-10686.png,7864
images-10687.png,7865
images-10688.png,7866
images-10689.png,7867
images-10690.png,7868
images-10691.png,7869
images-10692.png,7870
images-10693.png,7871
images-10694.png,7872
images-10695.png,7873
images-10696.png,7874
images-10697.png,7875
images-10698.png,7876
images-10699.png,7877
images-10700.png,7878
images-10701.png,7879
images-10702.png,7880
images-10703.png,7881
images-10704.png,7882
images-10705.png,7883
images-10706.png,7884
images-10707.png,7885
images-10708.png,7886
images-10709.png,7887
images-10710.png,7888
images-10711.png,7889
images-10712.png,7890
images-10713.png,7891
images-10714.png,7892
images-10715.png,7893
images-10716.png,7894
images-10717.png,7895
images-10718.png,7896
images-10719.png,7897
images-10720.png,7898
images-10721.png,7899
images-10722.png,7900
images-10723.png,7901
images-10724.png,7902
images-10725.png,7903
images-10726.png,7904
images-10727.png,7905
images-10728.png,7906
images-10729.png,7907
images-10730.png,7908
images-10731.png,7909
images-10732.png,7910
images-10733.png,7911
images-10734.png,7912
images-10735.png,7913
images-10736.png,7914
images-10737.png,7915
images-10738.png,7916
images-10739.png,7917
images-10740.png,7918
images-10741.png,7919
images-10742.png,7920
images-10743.png,7921
images-10744.png,7922
images-10745.png,7923
images-10746.png,7924
images-10747.png,7925
images-10748.png,7926
images-10749.png,7927
images-10750.png,7928
images-10751.png,7929
images-10752.png,7930
images-10753.png,7931
images-10754.png,7932
images-10755.png,7933
images-10756.png,7934
images-10757.png,7935
images-10758.png,7936
images-10759.png,7937
images-10760.png,7938
images-10761.png,7939
images-10762.png,7940
images-10763.png,7941
images-10764.png,7942
images-10765.png,7943
images-10766.png,7944
images-10767.png,7945
images-10768.png,7946
images-10769.png,7947
images-10770.png,7948
images-10771.png,7949
images-10772.png,7950
images-10773.png,7951
images-10774.png,7952
images-10775.png,7953
images-10776.png,7954
images-10777.png,7955
images-10778.png,7956
images-10779.png,7957
images-10780.png,7958
images-10781.png,7959
images-10782.png,7960
images-10783.png,7961
images-10784.png,7962
images-10785.png,7963
images-10786.png,7964
images-10787.png,7965
images-10788.png,7966
images-10789.png,7967
images-10790.png,7968
images-10791.png,7969
images-10792.png,7970
images-10793.png,7971
images-10794.png,7972
images-10795.png,7973
images-10796.png,7974
images-10797.png,7975
images-10798.png,7976
images-10799.png,7977
images-10800.png,7978
images-10801.png,7979
images-10802.png,7980
images-10803.png,7981
images-10804.png,7982
images-10805.png,7983
images-10806.png,7984
images-10807.png,7985
images-10808.png,7986
images-10809.png,7987
images-10810.png,7988
images-10811.png,7989
images-10812.png,7990
images-10813.png,7991
images-10814.png,7992
images-10815.png,7993
images-10816.png,7994
images-10817.png,7995
images-10818.png,7996
images-10819.png,7997
images-10820.png,7998
images-10821.png,7999
images-10822.png,8000
images-10823.png,8001
images-10824.png,8002
images-10825.png,8003
images-10826.png,8004
images-10827.png,8005
images-10828.png,8006
images-10829.png,8007
images-10830.png,8008
images-10831.png,8009
images-10832.png,8010
images-10833.png,8011
images-10834.png,8012
images-10835.png,8013
images-10836.png,8014
images-10837.png,8015
images-10838.png,8016
images-10839.png,8017
images-10840.png,8018
images-10841.png,8019
images-10842.png,8020
images-10843.png,8021
images-10844.png,8022
images-10845.png,8023
images-10846.png,8024
images-10847.png,8025
images-10848.png,8026
images-10849.png,8027
images-10850.png,8028
images-10851.png,8029
images-10852.png,8030
images-10853.png,8031
images-10854.png,8032
images-10855.png,8033
images-10856.png,8034
images-10857.png,8035
images-10858.png,8036
images-10859.png,8037
images-10860.png,8038
images-10861.png,8039
images-10862.png,8040
images-10863.png,8041
images-10864.png,8042
images-10865.png,8043
images-10866.png,8044
images-10867.png,8045
images-10868.png,8046
images-10869.png,8047
images-10870.png,8048
images-10871.png,8049
images-10872.png,8050
images-10873.png,8051
images-10874.png,8052
images-10875.png,8053
images-10876.png,8054
images-10877.png,8055
images-10878.png,8056
images-10879.png,8057
images-10880.png,8058
images-10881.png,8059
images-10882.png,8060
images-10883.png,8061
images-10884.png,8062
images-10885.png,8063
images-10886.png,8064
images-10887.png,8065
images-10888.png,8066
images-10889.png,8067
images-10890.png,8068
images-10891.png,8069
images-10892.png,8070
images-10893.png,8071
images-10894.png,8072
images-10895.png,8073
images-10896.png,8074
images-10897.png,8075
images-10898.png,8076
images-10899.png,8077
images-10900.png,8078
images-10901.png,8079
images-10902.png,8080
images-10903.png,8081
images-10904.png,8082
images-10905.png,8083
images-10906.png,8084
images-10907.png,8085
images-10908.png,8086
images-10909.png,8087
images-10910.png,8088
images-10911.png,8089
images-10912.png,8090
images-10913.png,8091
images-10914.png,8092
images-10915.png,8093
images-10916.png,8094
images-10917.png,8095
images-10918.png,8096
images-10919.png,8097
images-10920.png,8098
images-10921.png,8099
images-10922.png,8100
images-10923.png,8101
images-10924.png,8102
images-10925.png,8103
images-10926.png,8104
images-10927.png,8105
images-10928.png,8106
images-10929.png,8107
images-10930.png,8108
images-10931.png,8109
images-10932.png,8110
images-10933.png,8111
images-10934.png,8112
images-10935.png,8113
images-10936.png,8114
images-10937.png,8115
images-10938.png,8116
images-10939.png,8117
images-10940.png,8118
images-10941.png,8119
images-10942.png,8120
images-10943.png,8121
images-10947.png,8122
images-10948.png,8123
images-10949.png,8124
images-10950.png,8125
images-10951.png,8126
images-10952.png,8127
images-10953.png,8128
images-10954.png,8129
images-10955.png,8130
images-10956.png,8131
images-10957.png,8132
images-10958.png,8133
images-10959.png,8134
images-10960.png,8135
images-10961.png,8136
images-10962.png,8137
images-10963.png,8138
images-10964.png,8139
images-10965.png,8140
images-10966.png,8141
images-10967.png,8142
images-10968.png,8143
images-10969.png,8144
images-10970.png,8145
images-10971.png,8146
images-10972.png,8147
images-10973.png,8148
images-10974.png,8149
images-10975.png,8150
images-10976.png,8151
images-10977.png,8152
images-10978.png,8153
images-10979.png,8154
images-10980.png,8155
images-10981.png,8156
images-10982.png,8157
images-10983.png,8158
images-10984.png,8159
images-10991.png,8160
images-10992.png,8161
images-10993.png,8162
images-10994.png,8163
images-10995.png,8164
images-10996.png,8165
images-11003.png,8166
images-11004.png,8167
images-11005.png,8168
images-11006.png,8169
images-11007.png,8170
images-11019.png,8171
images-11020.png,8172
images-11021.png,8173
images-11028.png,8174
images-11029.png,8175
images-11032.png,8176
images-11033.png,8177
images-11034.png,8178
images-11035.png,8179
images-11036.png,8180
images-11048.png,8181
images-11049.png,8182
images-11050.png,8183
images-11051.png,8184
images-11052.png,8185
images-11053.png,8186
images-11054.png,8187
images-11055.png,8188
images-11056.png,8189
images-11065.png,8190
images-11066.png,8191
images-11067.png,8192
images-11068.png,8193
images-11069.png,8194
images-11070.png,8195
images-11071.png,8196
images-11072.png,8197
images-11073.png,8198
images-11074.png,8199
images-11075.png,8200
images-11076.png,8201
images-11077.png,8202
images-11078.png,8203
images-11079.png,8204
images-11080.png,8205
images-11081.png,8206
images-11082.png,8207
images-11083.png,8208
images-11084.png,8209
images-11085.png,8210
images-11086.png,8211
images-11087.png,8212
images-11088.png,8213
images-11089.png,8214
images-11090.png,8215
images-11091.png,8216
images-11092.png,8217
images-11093.png,8218
images-11094.png,8219
images-11095.png,8220
images-11096.png,8221
images-11097.png,8222
images-11098.png,8223
images-11099.png,8224
images-11100.png,8225
images-11107.png,8226
images-11108.png,8227
images-11109.png,8228
images-11110.png,8229
images-11111.png,8230
images-11112.png,8231
images-11113.png,8232
images-11114.png,8233
images-11115.png,8234
images-11116.png,8235
images-11117.png,8236
images-11118.png,8237
images-11119.png,8238
images-11120.png,8239
images-11121.png,8240
images-11122.png,8241
images-11123.png,8242
images-11124.png,8243
images-11125.png,8244
images-11126.png,8245
images-11127.png,8246
images-11128.png,8247
images-11146.png,8248
images-11147.png,8249
images-11148.png,8250
images-11149.png,8251
images-11150.png,8252
images-11151.png,8253
images-11152.png,8254
images-11153.png,8255
images-11154.png,8256
images-11155.png,8257
images-11156.png,8258
images-11157.png,8259
images-11158.png,8260
images-11159.png,8261
images-11160.png,8262
images-11161.png,8263
images-11162.png,8264
images-11163.png,8265
images-11164.png,8266
images-11165.png,8267
images-11166.png,8268
images-11167.png,8269
images-11168.png,8270
images-11169.png,8271
images-11170.png,8272
images-11171.png,8273
images-11172.png,8274
images-11173.png,8275
images-11174.png,8276
images-11175.png,8277
images-11176.png,8278
images-11177.png,8279
images-11178.png,8280
images-11179.png,8281
images-11180.png,8282
images-11181.png,8283
images-11182.png,8284
images-11183.png,8285
images-11184.png,8286
images-11185.png,8287
images-11186.png,8288
images-11187.png,8289
images-11188.png,8290
images-11189.png,8291
images-11190.png,8292
images-11191.png,8293
images-11192.png,8294
images-11193.png,8295
images-11194.png,8296
images-11195.png,8297
images-11196.png,8298
images-11197.png,8299
images-11198.png,8300
images-11199.png,8301
images-11200.png,8302
images-11201.png,8303
images-11202.png,8304
images-11203.png,8305
images-11204.png,8306
images-11205.png,8307
images-11206.png,8308
images-11207.png,8309
images-11208.png,8310
images-11209.png,8311
images-11210.png,8312
images-11211.png,8313
images-11212.png,8314
images-11213.png,8315
images-11214.png,8316
images-11215.png,8317
images-11216.png,8318
images-11217.png,8319
images-11218.png,8320
images-11219.png,8321
images-11220.png,8322
images-11221.png,8323
images-11222.png,8324
images-11223.png,8325
images-11224.png,8326
images-11228.png,8327
images-11229.png,8328
images-11230.png,8329
images-11231.png,8330
images-11232.png,8331
images-11233.png,8332
images-11234.png,8333
images-11235.png,8334
images-11236.png,8335
images-11237.png,8336
images-11238.png,8337
images-11239.png,8338
images-11240.png,8339
images-11241.png,8340
images-11242.png,8341
images-11243.png,8342
images-11244.png,8343
images-11245.png,8344
images-11246.png,8345
images-11247.png,8346
images-11248.png,8347
images-11249.png,8348
images-11250.png,8349
images-11251.png,8350
images-11252.png,8351
images-11253.png,8352
images-11254.png,8353
images-11255.png,8354
images-11256.png,8355
images-11257.png,8356
images-11258.png,8357
images-11259.png,8358
images-11260.png,8359
images-11261.png,8360
images-11262.png,8361
images-11263.png,8362
images-11264.png,8363
images-11265.png,8364
images-11266.png,8365
images-11267.png,8366
images-11268.png,8367
images-11269.png,8368
images-11270.png,8369
images-11271.png,8370
images-11272.png,8371
images-11273.png,8372
images-11274.png,8373
images-11275.png,8374
images-11276.png,8375
images-11277.png,8376
images-11278.png,8377
images-11279.png,8378
images-11286.png,8379
images-11287.png,8380
images-11288.png,8381
images-11289.png,8382
images-11290.png,8383
images-11291.png,8384
images-11292.png,8385
images-11293.png,8386
images-11294.png,8387
images-11295.png,8388
images-11296.png,8389
images-11297.png,8390
images-11298.png,8391
images-11299.png,8392
images-11300.png,8393
images-11301.png,8394
images-11302.png,8395
images-11303.png,8396
images-11304.png,8397
images-11305.png,8398
images-11306.png,8399
images-11307.png,8400
images-11308.png,8401
images-11309.png,8402
images-11310.png,8403
images-11311.png,8404
images-11312.png,8405
images-11313.png,8406
images-11314.png,8407
images-11315.png,8408
images-11316.png,8409
images-11317.png,8410
images-11318.png,8411
images-11319.png,8412
images-11320.png,8413
images-11321.png,8414
images-11322.png,8415
images-11323.png,8416
images-11324.png,8417
images-11325.png,8418
images-11326.png,8419
images-11327.png,8420
images-11328.png,8421
images-11329.png,8422
images-11330.png,8423
images-11331.png,8424
images-11332.png,8425
images-11333.png,8426
images-11334.png,8427
images-11335.png,8428
images-11336.png,8429
images-11337.png,8430
images-11338.png,8431
images-11339.png,8432
images-11340.png,8433
images-11341.png,8434
images-11342.png,8435
images-11343.png,8436
images-11344.png,8437
images-11345.png,8438
images-11346.png,8439
images-11347.png,8440
images-11348.png,8441
images-11349.png,8442
images-11350.png,8443
images-11351.png,8444
images-11352.png,8445
images-11353.png,8446
images-11354.png,8447
images-11355.png,8448
images-11356.png,8449
images-11357.png,8450
images-11358.png,8451
images-11359.png,8452
images-11360.png,8453
images-11361.png,8454
images-11362.png,8455
images-11363.png,8456
images-11364.png,8457
images-11365.png,8458
images-11366.png,8459
images-11367.png,8460
images-11368.png,8461
images-11369.png,8462
images-11370.png,8463
images-11371.png,8464
images-11372.png,8465
images-11373.png,8466
images-11374.png,8467
images-11375.png,8468
images-11376.png,8469
images-11377.png,8470
images-11378.png,8471
images-11379.png,8472
images-11380.png,8473
images-11381.png,8474
images-11382.png,8475
images-11383.png,8476
images-11384.png,8477
images-11385.png,8478
images-11386.png,8479
images-11387.png,8480
images-11388.png,8481
images-11389.png,8482
images-11390.png,8483
images-11391.png,8484
images-11392.png,8485
images-11393.png,8486
images-11394.png,8487
images-11395.png,8488
images-11396.png,8489
images-11397.png,8490
images-11398.png,8491
images-11399.png,8492
images-11400.png,8493
images-11401.png,8494
images-11402.png,8495
images-11403.png,8496
images-11404.png,8497
images-11405.png,8498
images-11406.png,8499
images-11407.png,8500
images-11408.png,8501
images-11409.png,8502
images-11410.png,8503
images-11411.png,8504
images-11412.png,8505
images-11413.png,8506
images-11414.png,8507
images-11415.png,8508
images-11416.png,8509
images-11417.png,8510
images-11418.png,8511
images-11419.png,8512
images-11420.png,8513
images-11421.png,8514
images-11422.png,8515
images-11423.png,8516
images-11424.png,8517
images-11425.png,8518
images-11426.png,8519
images-11427.png,8520
images-11428.png,8521
images-11429.png,8522
images-11430.png,8523
images-11431.png,8524
images-11432.png,8525
images-11433.png,8526
images-11434.png,8527
images-11435.png,8528
images-11436.png,8529
images-11437.png,8530
images-11438.png,8531
images-11439.png,8532
images-11440.png,8533
images-11441.png,8534
images-11442.png,8535
images-11443.png,8536
images-11444.png,8537
images-11445.png,8538
images-11446.png,8539
images-11447.png,8540
images-11448.png,8541
images-11449.png,8542
images-11450.png,8543
images-11451.png,8544
images-11452.png,8545
images-11453.png,8546
images-11454.png,8547
images-11455.png,8548
images-11456.png,8549
images-11457.png,8550
images-11458.png,8551
images-11459.png,8552
images-11460.png,8553
images-11461.png,8554
images-11462.png,8555
images-11463.png,8556
images-11464.png,8557
images-11465.png,8558
images-11466.png,8559
images-11467.png,8560
images-11468.png,8561
images-11469.png,8562
images-11470.png,8563
images-11471.png,8564
images-11472.png,8565
images-11473.png,8566
images-11474.png,8567
images-11475.png,8568
images-11476.png,8569
images-11477.png,8570
images-11478.png,8571
images-11479.png,8572
images-11480.png,8573
images-11481.png,8574
images-11482.png,8575
images-11483.png,8576
images-11484.png,8577
images-11485.png,8578
images-11486.png,8579
images-11487.png,8580
images-11488.png,8581
images-11489.png,8582
images-11490.png,8583
images-11491.png,8584
images-11492.png,8585
images-11493.png,8586
images-11494.png,8587
images-11495.png,8588
images-11496.png,8589
images-11497.png,8590
images-11498.png,8591
images-11499.png,8592
images-11500.png,8593
images-11501.png,8594
images-11502.png,8595
images-11503.png,8596
images-11504.png,8597
images-11505.png,8598
images-11506.png,8599
images-11507.png,8600
images-11508.png,8601
images-11509.png,8602
images-11510.png,8603
images-11511.png,8604
images-11512.png,8605
images-11513.png,8606
images-11514.png,8607
images-11515.png,8608
images-11516.png,8609
images-11517.png,8610
images-11518.png,8611
images-11519.png,8612
images-11520.png,8613
images-11521.png,8614
images-11522.png,8615
images-11523.png,8616
images-11524.png,8617
images-11525.png,8618
images-11526.png,8619
images-11527.png,8620
images-11528.png,8621
images-11529.png,8622
images-11530.png,8623
images-11531.png,8624
images-11532.png,8625
images-11533.png,8626
images-11534.png,8627
images-11535.png,8628
images-11536.png,8629
images-11537.png,8630
images-11538.png,8631
images-11539.png,8632
images-11540.png,8633
images-11541.png,8634
images-11542.png,8635
images-11543.png,8636
images-11544.png,8637
images-11545.png,8638
images-11546.png,8639
images-11547.png,8640
images-11548.png,8641
images-11549.png,8642
images-11550.png,8643
images-11551.png,8644
images-11552.png,8645
images-11553.png,8646
images-11554.png,8647
images-11555.png,8648
images-11556.png,8649
images-11557.png,8650
images-11558.png,8651
images-11559.png,8652
images-11560.png,8653
images-11561.png,8654
images-11562.png,8655
images-11563.png,8656
images-11564.png,8657
images-11565.png,8658
images-11566.png,8659
images-11567.png,8660
images-11568.png,8661
images-11569.png,8662
images-11570.png,8663
images-11571.png,8664
images-11572.png,8665
images-11573.png,8666
images-11574.png,8667
images-11575.png,8668
images-11576.png,8669
images-11577.png,8670
images-11578.png,8671
images-11579.png,8672
images-11580.png,8673
images-11581.png,8674
images-11582.png,8675
images-11583.png,8676
images-11584.png,8677
images-11585.png,8678
images-11586.png,8679
images-11587.png,8680
images-11588.png,8681
images-11589.png,8682
images-11590.png,8683
images-11591.png,8684
images-11592.png,8685
images-11593.png,8686
images-11594.png,8687
images-11595.png,8688
images-11596.png,8689
images-11597.png,8690
images-11598.png,8691
images-11599.png,8692
images-11600.png,8693
images-11601.png,8694
images-11602.png,8695
images-11603.png,8696
images-11604.png,8697
images-11605.png,8698
images-11606.png,8699
images-11607.png,8700
images-11608.png,8701
images-11609.png,8702
images-11610.png,8703
images-11611.png,8704
images-11612.png,8705
images-11613.png,8706
images-11614.png,8707
images-11615.png,8708
images-11616.png,8709
images-11617.png,8710
images-11618.png,8711
images-11619.png,8712
images-11620.png,8713
images-11621.png,8714
images-11622.png,8715
images-11623.png,8716
images-11624.png,8717
images-11625.png,8718
images-11626.png,8719
images-11627.png,8720
images-11628.png,8721
images-11629.png,8722
images-11630.png,8723
images-11631.png,8724
images-11632.png,8725
images-11633.png,8726
images-11634.png,8727
images-11635.png,8728
images-11636.png,8729
images-11637.png,8730
images-11638.png,8731
images-11639.png,8732
images-11640.png,8733
images-11641.png,8734
images-11642.png,8735
images-11643.png,8736
images-11644.png,8737
images-11645.png,8738
images-11646.png,8739
images-11647.png,8740
images-11648.png,8741
images-11649.png,8742
images-11650.png,8743
images-11651.png,8744
images-11652.png,8745
images-11653.png,8746
images-11899.png,8747
images-11900.png,8748
images-11901.png,8749
images-11902.png,8750
images-11903.png,8751
images-11904.png,8752
images-11905.png,8753
images-11906.png,8754
images-11907.png,8755
images-11908.png,8756
images-11909.png,8757
images-11910.png,8758
images-11911.png,8759
images-11912.png,8760
images-11913.png,8761
images-11914.png,8762
images-12036.png,8763
images-12037.png,8764
images-12038.png,8765
images-12039.png,8766
images-12040.png,8767
images-12041.png,8768
images-12042.png,8769
images-12043.png,8770
images-12044.png,8771
images-12045.png,8772
images-12046.png,8773
images-12047.png,8774
images-12048.png,8775
images-12049.png,8776
images-12050.png,8777
images-12051.png,8778
images-12052.png,8779
images-12053.png,8780
images-12054.png,8781
images-12055.png,8782
images-12056.png,8783
images-12062.png,8784
images-12063.png,8785
images-12064.png,8786
images-12065.png,8787
images-12066.png,8788
images-12067.png,8789
images-12068.png,8790
images-12069.png,8791
images-12070.png,8792
images-12071.png,8793
images-12072.png,8794
images-12073.png,8795
images-12082.png,8796
images-12083.png,8797
images-12084.png,8798
images-12085.png,8799
images-12086.png,8800
images-12087.png,8801
images-12088.png,8802
images-12089.png,8803
images-12090.png,8804
images-12091.png,8805
images-12092.png,8806
images-12093.png,8807
images-12094.png,8808
images-12095.png,8809
images-12096.png,8810
images-12097.png,8811
images-12098.png,8812
images-12099.png,8813
images-12100.png,8814
images-12101.png,8815
images-12102.png,8816
images-12103.png,8817
images-12104.png,8818
images-12105.png,8819
images-12106.png,8820
images-12107.png,8821
images-12108.png,8822
images-12109.png,8823
images-12110.png,8824
images-12111.png,8825
images-12112.png,8826
images-12113.png,8827
images-12114.png,8828
images-12115.png,8829
images-12116.png,8830
images-12117.png,8831
images-12118.png,8832
images-12119.png,8833
images-12120.png,8834
images-12121.png,8835
images-12122.png,8836
images-12123.png,8837
images-12124.png,8838
images-12125.png,8839
images-12126.png,8840
images-12127.png,8841
images-12128.png,8842
images-12129.png,8843
images-12130.png,8844
images-12131.png,8845
images-12132.png,8846
images-12133.png,8847
images-12134.png,8848
images-12135.png,8849
images-12136.png,8850
images-12137.png,8851
images-12138.png,8852
images-12139.png,8853
images-12140.png,8854
images-12141.png,8855
images-12142.png,8856
images-12143.png,8857
images-12144.png,8858
images-12145.png,8859
images-12146.png,8860
images-12147.png,8861
images-12148.png,8862
images-12149.png,8863
images-12150.png,8864
images-12151.png,8865
images-12152.png,8866
images-12153.png,8867
images-12154.png,8868
images-12155.png,8869
images-12156.png,8870
images-12157.png,8871
images-12158.png,8872
images-12159.png,8873
images-12160.png,8874
images-12161.png,8875
images-12162.png,8876
images-12163.png,8877
images-12164.png,8878
images-12168.png,8879
images-12169.png,8880
images-12170.png,8881
images-12171.png,8882
images-12172.png,8883
images-12173.png,8884
images-12174.png,8885
images-12175.png,8886
images-12176.png,8887
images-12177.png,8888
images-12178.png,8889
images-12179.png,8890
images-12180.png,8891
images-12181.png,8892
images-12182.png,8893
images-12183.png,8894
images-12184.png,8895
images-12185.png,8896
images-12186.png,8897
images-12187.png,8898
images-12188.png,8899
images-12189.png,8900
images-12190.png,8901
images-12191.png,8902
images-12192.png,8903
images-12193.png,8904
images-12194.png,8905
images-12195.png,8906
images-12196.png,8907
images-12197.png,8908
images-12198.png,8909
images-12199.png,8910
images-12200.png,8911
images-12201.png,8912
images-12202.png,8913
images-12203.png,8914
images-12208.png,8915
images-12209.png,8916
images-12210.png,8917
images-12211.png,8918
images-12212.png,8919
images-12213.png,8920
images-12214.png,8921
images-12215.png,8922
images-12216.png,8923
images-12217.png,8924
images-12218.png,8925
images-12219.png,8926
images-12220.png,8927
images-12221.png,8928
images-12222.png,8929
images-12223.png,8930
images-12224.png,8931
images-12225.png,8932
images-12226.png,8933
images-12227.png,8934
images-12228.png,8935
images-12229.png,8936
images-12230.png,8937
images-12231.png,8938
images-12232.png,8939
images-12233.png,8940
images-12234.png,8941
images-12235.png,8942
images-12236.png,8943
images-12237.png,8944
images-12238.png,8945
images-12239.png,8946
images-12240.png,8947
images-12241.png,8948
images-12242.png,8949
images-12243.png,8950
images-12244.png,8951
images-12245.png,8952
images-12246.png,8953
images-12247.png,8954
images-12248.png,8955
images-12249.png,8956
images-12250.png,8957
images-12251.png,8958
images-12252.png,8959
images-12253.png,8960
images-12254.png,8961
images-12255.png,8962
images-12256.png,8963
images-12257.png,8964
images-12258.png,8965
images-12259.png,8966
images-12260.png,8967
images-12261.png,8968
images-12262.png,8969
images-12263.png,8970
images-12264.png,8971
images-12265.png,8972
images-12266.png,8973
images-12267.png,8974
images-12268.png,8975
images-12269.png,8976
images-12270.png,8977
images-12271.png,8978
images-12272.png,8979
images-12273.png,8980
images-12274.png,8981
images-12275.png,8982
images-12276.png,8983
images-12277.png,8984
images-12278.png,8985
images-12279.png,8986
images-12280.png,8987
images-12281.png,8988
images-12282.png,8989
images-12283.png,8990
images-12284.png,8991
images-12285.png,8992
images-12286.png,8993
images-12287.png,8994
images-12288.png,8995
images-12289.png,8996
images-12290.png,8997
images-12291.png,8998
images-12292.png,8999
images-12293.png,9000
images-12294.png,9001
images-12295.png,9002
images-12296.png,9003
images-12297.png,9004
images-12298.png,9005
images-12299.png,9006
images-12300.png,9007
images-12301.png,9008
images-12302.png,9009
images-12303.png,9010
images-12304.png,9011
images-12305.png,9012
images-12306.png,9013
images-12307.png,9014
images-12308.png,9015
images-12309.png,9016
images-12310.png,9017
images-12311.png,9018
images-12312.png,9019
images-12313.png,9020
images-12314.png,9021
images-12315.png,9022
images-12316.png,9023
images-12317.png,9024
images-12318.png,9025
images-12365.png,9026
images-12366.png,9027
images-12367.png,9028
images-12368.png,9029
images-12369.png,9030
images-12370.png,9031
images-12371.png,9032
images-12372.png,9033
images-12373.png,9034
images-12374.png,9035
images-12375.png,9036
images-12376.png,9037
images-12377.png,9038
images-12378.png,9039
images-12379.png,9040
images-12380.png,9041
images-12381.png,9042
images-12382.png,9043
images-12383.png,9044
images-12384.png,9045
images-12385.png,9046
images-12386.png,9047
images-12387.png,9048
images-12388.png,9049
images-12389.png,9050
images-12390.png,9051
images-12391.png,9052
images-12392.png,9053
images-12393.png,9054
images-12394.png,9055
images-12395.png,9056
images-12396.png,9057
images-12397.png,9058
images-12398.png,9059
images-12399.png,9060
images-12400.png,9061
images-12401.png,9062
images-12402.png,9063
images-12403.png,9064
images-12404.png,9065
images-12405.png,9066
images-12406.png,9067
images-12407.png,9068
images-12408.png,9069
images-12417.png,9070
images-12418.png,9071
images-12419.png,9072
images-12420.png,9073
images-12421.png,9074
images-12422.png,9075
images-12423.png,9076
images-12424.png,9077
images-12425.png,9078
images-12426.png,9079
images-12427.png,9080
images-12428.png,9081
images-12429.png,9082
images-12430.png,9083
images-12431.png,9084
images-12432.png,9085
images-12433.png,9086
images-12434.png,9087
images-12435.png,9088
images-12436.png,9089
images-12437.png,9090
images-12438.png,9091
images-12439.png,9092
images-12440.png,9093
images-12441.png,9094
images-12442.png,9095
images-12443.png,9096
images-12444.png,9097
images-12445.png,9098
images-12446.png,9099
images-12447.png,9100
images-12448.png,9101
images-12449.png,9102
images-12450.png,9103
images-12451.png,9104
images-12452.png,9105
images-12453.png,9106
images-12454.png,9107
images-12455.png,9108
images-12456.png,9109
images-12457.png,9110
images-12458.png,9111
images-12459.png,9112
images-12460.png,9113
images-12461.png,9114
images-12462.png,9115
images-12463.png,9116
images-12464.png,9117
images-12465.png,9118
images-12466.png,9119
images-12467.png,9120
images-12468.png,9121
images-12469.png,9122
images-12470.png,9123
images-12471.png,9124
images-12481.png,9125
images-12482.png,9126
images-12483.png,9127
images-12484.png,9128
images-12485.png,9129
images-12486.png,9130
images-12487.png,9131
images-12488.png,9132
images-12489.png,9133
images-12490.png,9134
images-12491.png,9135
images-12492.png,9136
images-12493.png,9137
images-12494.png,9138
images-12495.png,9139
images-12496.png,9140
images-12497.png,9141
images-12498.png,9142
images-12499.png,9143
images-12500.png,9144
images-12501.png,9145
images-12502.png,9146
images-12503.png,9147
images-12504.png,9148
images-12505.png,9149
images-12506.png,9150
images-12507.png,9151
images-12508.png,9152
images-12509.png,9153
images-12510.png,9154
images-12511.png,9155
images-12512.png,9156
images-12513.png,9157
images-12514.png,9158
images-12515.png,9159
images-12516.png,9160
images-12517.png,9161
images-12518.png,9162
images-12519.png,9163
images-12520.png,9164
images-12521.png,9165
images-12522.png,9166
images-12523.png,9167
images-12524.png,9168
images-12525.png,9169
images-12526.png,9170
images-12527.png,9171
images-12528.png,9172
images-12529.png,9173
images-12530.png,9174
images-12531.png,9175
images-12532.png,9176
images-12533.png,9177
images-12534.png,9178
images-12535.png,9179
images-12536.png,9180
images-12537.png,9181
images-12538.png,9182
images-12539.png,9183
images-12540.png,9184
images-12541.png,9185
images-12542.png,9186
images-12543.png,9187
images-12544.png,9188
images-12545.png,9189
images-12546.png,9190
images-12547.png,9191
images-12548.png,9192
images-12549.png,9193
images-12550.png,9194
images-12551.png,9195
images-12552.png,9196
images-12553.png,9197
images-12554.png,9198
images-12555.png,9199
images-12556.png,9200
images-12557.png,9201
images-12558.png,9202
images-12559.png,9203
images-12560.png,9204
images-12561.png,9205
images-12562.png,9206
images-12563.png,9207
images-12564.png,9208
images-12565.png,9209
images-12566.png,9210
images-12567.png,9211
images-12568.png,9212
images-12569.png,9213
images-12570.png,9214
images-12571.png,9215
images-12572.png,9216
images-12573.png,9217
images-12574.png,9218
images-12575.png,9219
images-12576.png,9220
images-12577.png,9221
images-12578.png,9222
images-12579.png,9223
images-12580.png,9224
images-12581.png,9225
images-12582.png,9226
images-12583.png,9227
images-12584.png,9228
images-12585.png,9229
images-12586.png,9230
images-12587.png,9231
images-12588.png,9232
images-12589.png,9233
images-12590.png,9234
images-12591.png,9235
images-12592.png,9236
images-12593.png,9237
images-12594.png,9238
images-12595.png,9239
images-12596.png,9240
images-12597.png,9241
images-12598.png,9242
images-12599.png,9243
images-12600.png,9244
images-12601.png,9245
images-12602.png,9246
images-12603.png,9247
images-12604.png,9248
images-12605.png,9249
images-12606.png,9250
images-12607.png,9251
images-12608.png,9252
images-12609.png,9253
images-12610.png,9254
images-12611.png,9255
images-12612.png,9256
images-12613.png,9257
images-12614.png,9258
images-12615.png,9259
images-12616.png,9260
images-12617.png,9261
images-12618.png,9262
images-12619.png,9263
images-12620.png,9264
images-12621.png,9265
images-12622.png,9266
images-12623.png,9267
images-12624.png,9268
images-12625.png,9269
images-12626.png,9270
images-12627.png,9271
images-12628.png,9272
images-12629.png,9273
images-12630.png,9274
images-12631.png,9275
images-12632.png,9276
images-12633.png,9277
images-12634.png,9278
images-12635.png,9279
images-12636.png,9280
images-12637.png,9281
images-12638.png,9282
images-12639.png,9283
images-12640.png,9284
images-12641.png,9285
images-12642.png,9286
images-12643.png,9287
images-12644.png,9288
images-12645.png,9289
images-12646.png,9290
images-12647.png,9291
images-12648.png,9292
images-12649.png,9293
images-12650.png,9294
images-12651.png,9295
images-12652.png,9296
images-12653.png,9297
images-12654.png,9298
images-12655.png,9299
images-12656.png,9300
images-12657.png,9301
images-12658.png,9302
images-12659.png,9303
images-12660.png,9304
images-12661.png,9305
images-12662.png,9306
images-12663.png,9307
images-12664.png,9308
images-12665.png,9309
images-12666.png,9310
images-12667.png,9311
images-12668.png,9312
images-12669.png,9313
images-12670.png,9314
images-12671.png,9315
images-12672.png,9316
images-12673.png,9317
images-12674.png,9318
images-12675.png,9319
images-12676.png,9320
images-12677.png,9321
images-12678.png,9322
images-12679.png,9323
images-12680.png,9324
images-12681.png,9325
images-12682.png,9326
images-12683.png,9327
images-12684.png,9328
images-12685.png,9329
images-12686.png,9330
images-12687.png,9331
images-12688.png,9332
images-12689.png,9333
images-12690.png,9334
images-12691.png,9335
images-12692.png,9336
images-12693.png,9337
images-12694.png,9338
images-12695.png,9339
images-12696.png,9340
images-12697.png,9341
images-12698.png,9342
images-12699.png,9343
images-12700.png,9344
images-12701.png,9345
images-12702.png,9346
images-12703.png,9347
images-12704.png,9348
images-12705.png,9349
images-12706.png,9350
images-12707.png,9351
images-12708.png,9352
images-12709.png,9353
images-12710.png,9354
images-12711.png,9355
images-12712.png,9356
images-12713.png,9357
images-12714.png,9358
images-12715.png,9359
images-12716.png,9360
images-12717.png,9361
images-12718.png,9362
images-12719.png,9363
images-12720.png,9364
images-12721.png,9365
images-12722.png,9366
images-12723.png,9367
images-12724.png,9368
images-12725.png,9369
images-12726.png,9370
images-12727.png,9371
images-12728.png,9372
images-12729.png,9373
images-12730.png,9374
images-12731.png,9375
images-12732.png,9376
images-12733.png,9377
images-12734.png,9378
images-12735.png,9379
images-12736.png,9380
images-12737.png,9381
images-12738.png,9382
images-12739.png,9383
images-12740.png,9384
images-12741.png,9385
images-12742.png,9386
images-12743.png,9387
images-12744.png,9388
images-12745.png,9389
images-12746.png,9390
images-12747.png,9391
images-12748.png,9392
images-12749.png,9393
images-12750.png,9394
images-12751.png,9395
images-12752.png,9396
images-12753.png,9397
images-12754.png,9398
images-12755.png,9399
images-12756.png,9400
images-12757.png,9401
images-12758.png,9402
images-12759.png,9403
images-12760.png,9404
images-12761.png,9405
images-12762.png,9406
images-12763.png,9407
images-12764.png,9408
images-12765.png,9409
images-12766.png,9410
images-12767.png,9411
images-12768.png,9412
images-12769.png,9413
images-12770.png,9414
images-12771.png,9415
images-12772.png,9416
images-12773.png,9417
images-12774.png,9418
images-12775.png,9419
images-12776.png,9420
images-12777.png,9421
images-12778.png,9422
images-12779.png,9423
images-12780.png,9424
images-12781.png,9425
images-12782.png,9426
images-12783.png,9427
images-12784.png,9428
images-12785.png,9429
images-12786.png,9430
images-12787.png,9431
images-12788.png,9432
images-12789.png,9433
images-12790.png,9434
images-12791.png,9435
images-12792.png,9436
images-12793.png,9437
images-12794.png,9438
images-12795.png,9439
images-12796.png,9440
images-12797.png,9441
images-12798.png,9442
images-12799.png,9443
images-12800.png,9444
images-12801.png,9445
images-12802.png,9446
images-12803.png,9447
images-12804.png,9448
images-12805.png,9449
images-12806.png,9450
images-12807.png,9451
images-12808.png,9452
images-12809.png,9453
images-12810.png,9454
images-12811.png,9455
images-12812.png,9456
images-12813.png,9457
images-12814.png,9458
images-12815.png,9459
images-12816.png,9460
images-12817.png,9461
images-12818.png,9462
images-12819.png,9463
images-12820.png,9464
images-12821.png,9465
images-12822.png,9466
images-12823.png,9467
images-12824.png,9468
images-12825.png,9469
images-12826.png,9470
images-12827.png,9471
images-12828.png,9472
images-12829.png,9473
images-12830.png,9474
images-12831.png,9475
images-12832.png,9476
images-12833.png,9477
images-12834.png,9478
images-12835.png,9479
images-12836.png,9480
images-12837.png,9481
images-12838.png,9482
images-12839.png,9483
images-12840.png,9484
images-12841.png,9485
images-12842.png,9486
images-12843.png,9487
images-12844.png,9488
images-12845.png,9489
images-12846.png,9490
images-12847.png,9491
images-12848.png,9492
images-12849.png,9493
images-12850.png,9494
images-12851.png,9495
images-12852.png,9496
images-12853.png,9497
images-12854.png,9498
images-12855.png,9499
images-12856.png,9500
images-12857.png,9501
images-12858.png,9502
images-12859.png,9503
images-12860.png,9504
images-12861.png,9505
images-12862.png,9506
images-12863.png,9507
images-12864.png,9508
images-12865.png,9509
images-12866.png,9510
images-12867.png,9511
images-12868.png,9512
images-12869.png,9513
images-12870.png,9514
images-12871.png,9515
images-12872.png,9516
images-12873.png,9517
images-12874.png,9518
images-12875.png,9519
images-12876.png,9520
images-12877.png,9521
images-12878.png,9522
images-12879.png,9523
images-12880.png,9524
images-12881.png,9525
images-12882.png,9526
images-12883.png,9527
images-12884.png,9528
images-12885.png,9529
images-12886.png,9530
images-12887.png,9531
images-12888.png,9532
images-12889.png,9533
images-12890.png,9534
images-12891.png,9535
images-12892.png,9536
images-12893.png,9537
images-12894.png,9538
images-12895.png,9539
images-12896.png,9540
images-12897.png,9541
images-12898.png,9542
images-12899.png,9543
images-12900.png,9544
images-12901.png,9545
images-12902.png,9546
images-12903.png,9547
images-12904.png,9548
images-12905.png,9549
images-12906.png,9550
images-12907.png,9551
images-12908.png,9552
images-12909.png,9553
images-12910.png,9554
images-12911.png,9555
images-12912.png,9556
images-12913.png,9557
images-12914.png,9558
images-12915.png,9559
images-12916.png,9560
images-12917.png,9561
images-12918.png,9562
images-12919.png,9563
images-12920.png,9564
images-12921.png,9565
images-12922.png,9566
images-12923.png,9567
images-12924.png,9568
images-12925.png,9569
images-12926.png,9570
images-12927.png,9571
images-12928.png,9572
images-12929.png,9573
images-12930.png,9574
images-12931.png,9575
images-12932.png,9576
images-12933.png,9577
images-12934.png,9578
images-12935.png,9579
images-12936.png,9580
images-12937.png,9581
images-12938.png,9582
images-12939.png,9583
images-12940.png,9584
images-12941.png,9585
images-12942.png,9586
images-12943.png,9587
images-12944.png,9588
images-12945.png,9589
images-12946.png,9590
images-12947.png,9591
images-12948.png,9592
images-12949.png,9593
images-12950.png,9594
images-12951.png,9595
images-12952.png,9596
images-12953.png,9597
images-12954.png,9598
images-12955.png,9599
images-12956.png,9600
images-12957.png,9601
images-12958.png,9602
images-12959.png,9603
images-12960.png,9604
images-12961.png,9605
images-12962.png,9606
images-12963.png,9607
images-12964.png,9608
images-12965.png,9609
images-12966.png,9610
images-12967.png,9611
images-12968.png,9612
images-12969.png,9613
images-12970.png,9614
images-12971.png,9615
images-12972.png,9616
images-12973.png,9617
images-12974.png,9618
images-12975.png,9619
images-12976.png,9620
images-12977.png,9621
images-12978.png,9622
images-12979.png,9623
images-12980.png,9624
images-12981.png,9625
images-12982.png,9626
images-12983.png,9627
images-12984.png,9628
images-12985.png,9629
images-12986.png,9630
images-12987.png,9631
images-12988.png,9632
images-12989.png,9633
images-12990.png,9634
images-12991.png,9635
images-12992.png,9636
images-12993.png,9637
images-12994.png,9638
images-12995.png,9639
images-12996.png,9640
images-12997.png,9641
images-12998.png,9642
images-12999.png,9643
images-13000.png,9644
images-13001.png,9645
images-13002.png,9646
images-13003.png,9647
images-13004.png,9648
images-13005.png,9649
images-13006.png,9650
images-13007.png,9651
images-13008.png,9652
images-13009.png,9653
images-13010.png,9654
images-13011.png,9655
images-13012.png,9656
images-13013.png,9657
images-13014.png,9658
images-13015.png,9659
images-13016.png,9660
images-13017.png,9661
images-13018.png,9662
images-13019.png,9663
images-13020.png,9664
images-13021.png,9665
images-13022.png,9666
images-13023.png,9667
images-13024.png,9668
images-13025.png,9669
images-13026.png,9670
images-13027.png,9671
images-13028.png,9672
images-13029.png,9673
images-13030.png,9674
images-13031.png,9675
images-13032.png,9676
images-13033.png,9677
images-13034.png,9678
images-13035.png,9679
images-13036.png,9680
images-13037.png,9681
images-13038.png,9682
images-13039.png,9683
images-13040.png,9684
images-13041.png,9685
images-13042.png,9686
images-13043.png,9687
images-13044.png,9688
images-13045.png,9689
images-13046.png,9690
images-13047.png,9691
images-13048.png,9692
images-13049.png,9693
images-13050.png,9694
images-13051.png,9695
images-13052.png,9696
images-13053.png,9697
images-13054.png,9698
images-13055.png,9699
images-13056.png,9700
images-13057.png,9701
images-13058.png,9702
images-13059.png,9703
images-13060.png,9704
images-13061.png,9705
images-13062.png,9706
images-13063.png,9707
images-13064.png,9708
images-13065.png,9709
images-13066.png,9710
images-13067.png,9711
images-13068.png,9712
images-13069.png,9713
images-13070.png,9714
images-13071.png,9715
images-13072.png,9716
images-13073.png,9717
images-13074.png,9718
images-13075.png,9719
images-13076.png,9720
images-13077.png,9721
images-13078.png,9722
images-13079.png,9723
images-13080.png,9724
images-13081.png,9725
images-13082.png,9726
images-13083.png,9727
images-13084.png,9728
images-13085.png,9729
images-13086.png,9730
images-13087.png,9731
images-13088.png,9732
images-13089.png,9733
images-13090.png,9734
images-13091.png,9735
images-13092.png,9736
images-13093.png,9737
images-13094.png,9738
images-13095.png,9739
images-13096.png,9740
images-13097.png,9741
images-13098.png,9742
images-13099.png,9743
images-13100.png,9744
images-13101.png,9745
images-13102.png,9746
images-13103.png,9747
images-13104.png,9748
images-13105.png,9749
images-13106.png,9750
images-13107.png,9751
images-13108.png,9752
images-13109.png,9753
images-13110.png,9754
images-13111.png,9755
images-13112.png,9756
images-13113.png,9757
images-13114.png,9758
images-13115.png,9759
images-13116.png,9760
images-13117.png,9761
images-13118.png,9762
images-13119.png,9763
images-13120.png,9764
images-13121.png,9765
images-13122.png,9766
images-13123.png,9767
images-13124.png,9768
images-13125.png,9769
images-13126.png,9770
images-13127.png,9771
images-13128.png,9772
images-13129.png,9773
images-13130.png,9774
images-13131.png,9775
images-13132.png,9776
images-13133.png,9777
images-13134.png,9778
images-13135.png,9779
images-13136.png,9780
images-13137.png,9781
images-13138.png,9782
images-13139.png,9783
images-13140.png,9784
images-13141.png,9785
images-13142.png,9786
images-13143.png,9787
images-13144.png,9788
images-13145.png,9789
images-13146.png,9790
images-13147.png,9791
images-13148.png,9792
images-13149.png,9793
images-13150.png,9794
images-13151.png,9795
images-13152.png,9796
images-13153.png,9797
images-13154.png,9798
images-13155.png,9799
images-13156.png,9800
images-13157.png,9801
images-13158.png,9802
images-13159.png,9803
images-13160.png,9804
images-13161.png,9805
images-13162.png,9806
images-13163.png,9807
images-13164.png,9808
images-13165.png,9809
images-13166.png,9810
images-13167.png,9811
images-13168.png,9812
images-13169.png,9813
images-13170.png,9814
images-13171.png,9815
images-13172.png,9816
images-13173.png,9817
images-13174.png,9818
images-13175.png,9819
images-13176.png,9820
images-13177.png,9821
images-13178.png,9822
images-13179.png,9823
images-13180.png,9824
images-13181.png,9825
images-13182.png,9826
images-13183.png,9827
images-13184.png,9828
images-13185.png,9829
images-13186.png,9830
images-13187.png,9831
images-13188.png,9832
images-13189.png,9833
images-13190.png,9834
images-13191.png,9835
images-13192.png,9836
images-13193.png,9837
images-13194.png,9838
images-13195.png,9839
images-13196.png,9840
images-13197.png,9841
images-13198.png,9842
images-13199.png,9843
images-13200.png,9844
images-13201.png,9845
images-13202.png,9846
images-13203.png,9847
images-13204.png,9848
images-13205.png,9849
images-13206.png,9850
images-13207.png,9851
images-13208.png,9852
images-13209.png,9853
images-13210.png,9854
images-13211.png,9855
images-13212.png,9856
images-13213.png,9857
images-13214.png,9858
images-13215.png,9859
images-13216.png,9860
images-13217.png,9861
images-13218.png,9862
images-13219.png,9863
images-13220.png,9864
images-13221.png,9865
images-13222.png,9866
images-13223.png,9867
images-13224.png,9868
images-13225.png,9869
images-13226.png,9870
images-13227.png,9871
images-13228.png,9872
images-13229.png,9873
images-13230.png,9874
images-13231.png,9875
images-13232.png,9876
images-13233.png,9877
images-13234.png,9878
images-13235.png,9879
images-13236.png,9880
images-13237.png,9881
images-13238.png,9882
images-13239.png,9883
images-13240.png,9884
images-13241.png,9885
images-13242.png,9886
images-13243.png,9887
images-13244.png,9888
images-13245.png,9889
images-13246.png,9890
images-13247.png,9891
images-13248.png,9892
images-13249.png,9893
images-13250.png,9894
images-13251.png,9895
images-13252.png,9896
images-13253.png,9897
images-13254.png,9898
images-13255.png,9899
images-13256.png,9900
images-13257.png,9901
images-13258.png,9902
images-13259.png,9903
images-13260.png,9904
images-13261.png,9905
images-13262.png,9906
images-13263.png,9907
images-13264.png,9908
images-13265.png,9909
images-13266.png,9910
images-13267.png,9911
images-13268.png,9912
images-13269.png,9913
images-13270.png,9914
images-13271.png,9915
images-13272.png,9916
images-13273.png,9917
images-13274.png,9918
images-13275.png,9919
images-13276.png,9920
images-13277.png,9921
images-13278.png,9922
images-13279.png,9923
images-13280.png,9924
images-13281.png,9925
images-13282.png,9926
images-13283.png,9927
images-13284.png,9928
images-13285.png,9929
images-13286.png,9930
images-13287.png,9931
images-13288.png,9932
images-13289.png,9933
images-13290.png,9934
images-13291.png,9935
images-13292.png,9936
images-13293.png,9937
images-13294.png,9938
images-13295.png,9939
images-13296.png,9940
images-13297.png,9941
images-13298.png,9942
images-13299.png,9943
images-13300.png,9944
images-13301.png,9945
images-13302.png,9946
images-13303.png,9947
images-13304.png,9948
images-13305.png,9949
images-13306.png,9950
images-13307.png,9951
images-13308.png,9952
images-13309.png,9953
images-13310.png,9954
images-13311.png,9955
images-13312.png,9956
images-13313.png,9957
images-13314.png,9958
images-13315.png,9959
images-13316.png,9960
images-13317.png,9961
images-13318.png,9962
images-13319.png,9963
images-13320.png,9964
images-13321.png,9965
images-13322.png,9966
images-13323.png,9967
images-13324.png,9968
images-13325.png,9969
images-13326.png,9970
images-13327.png,9971
images-13328.png,9972
images-13329.png,9973
images-13330.png,9974
images-13331.png,9975
images-13332.png,9976
images-13333.png,9977
images-13334.png,9978
images-13335.png,9979
images-13336.png,9980
images-13337.png,9981
images-13338.png,9982
images-13339.png,9983
images-13340.png,9984
images-13341.png,9985
images-13342.png,9986
images-13343.png,9987
images-13344.png,9988
images-13441.png,9989
images-13442.png,9990
images-13443.png,9991
images-13444.png,9992
images-13445.png,9993
images-13446.png,9994
images-13447.png,9995
images-13448.png,9996
images-13449.png,9997
images-13450.png,9998
images-13451.png,9999
images-13452.png,10000
images-13453.png,10001
images-13454.png,10002
images-13455.png,10003
images-13456.png,10004
images-13457.png,10005
images-13458.png,10006
images-13459.png,10007
images-13460.png,10008
images-13461.png,10009
images-13462.png,10010
images-13463.png,10011
images-13464.png,10012
images-13465.png,10013
images-13466.png,10014
images-13467.png,10015
images-13468.png,10016
images-13469.png,10017
images-13470.png,10018
images-13471.png,10019
images-13472.png,10020
images-13473.png,10021
images-13474.png,10022
images-13475.png,10023
images-13476.png,10024
images-13477.png,10025
images-13478.png,10026
images-13479.png,10027
images-13480.png,10028
images-13481.png,10029
images-13482.png,10030
images-13483.png,10031
images-13484.png,10032
images-13485.png,10033
images-13486.png,10034
images-13487.png,10035
images-13488.png,10036
images-13489.png,10037
images-13490.png,10038
images-13491.png,10039
images-13492.png,10040
images-13493.png,10041
images-13494.png,10042
images-13495.png,10043
images-13496.png,10044
images-13497.png,10045
images-13498.png,10046
images-13499.png,10047
images-13500.png,10048
images-13501.png,10049
images-13502.png,10050
images-13503.png,10051
images-13504.png,10052
images-13505.png,10053
images-13506.png,10054
images-13507.png,10055
images-13508.png,10056
images-13509.png,10057
images-13510.png,10058
images-13511.png,10059
images-13512.png,10060
images-13513.png,10061
images-13514.png,10062
images-13515.png,10063
images-13516.png,10064
images-13517.png,10065
images-13518.png,10066
images-13519.png,10067
images-13520.png,10068
images-13521.png,10069
images-13522.png,10070
images-13523.png,10071
images-13524.png,10072
images-13525.png,10073
images-13526.png,10074
images-13527.png,10075
images-13528.png,10076
images-13529.png,10077
images-13530.png,10078
images-13531.png,10079
images-13532.png,10080
images-13533.png,10081
images-13534.png,10082
images-13535.png,10083
images-13536.png,10084
images-13537.png,10085
images-13538.png,10086
images-13539.png,10087
images-13540.png,10088
images-13541.png,10089
images-13542.png,10090
images-13543.png,10091
images-13544.png,10092
images-13545.png,10093
images-13546.png,10094
images-13547.png,10095
images-13548.png,10096
images-13549.png,10097
images-13550.png,10098
images-13551.png,10099
images-13552.png,10100
images-13553.png,10101
images-13554.png,10102
images-13555.png,10103
images-13556.png,10104
images-13557.png,10105
images-13558.png,10106
images-13559.png,10107
images-13560.png,10108
images-13561.png,10109
images-13562.png,10110
images-13563.png,10111
images-13564.png,10112
images-13565.png,10113
images-13566.png,10114
images-13567.png,10115
images-13568.png,10116
images-13569.png,10117
images-13570.png,10118
images-13571.png,10119
images-13572.png,10120
images-13573.png,10121
images-13574.png,10122
images-13575.png,10123
images-13576.png,10124
images-13577.png,10125
images-13578.png,10126
images-13579.png,10127
images-13580.png,10128
images-13581.png,10129
images-13582.png,10130
images-13583.png,10131
images-13584.png,10132
images-13585.png,10133
images-13586.png,10134
images-13587.png,10135
images-13588.png,10136
images-13589.png,10137
images-13590.png,10138
images-13591.png,10139
images-13592.png,10140
images-13593.png,10141
images-13594.png,10142
images-13595.png,10143
images-13596.png,10144
images-13597.png,10145
images-13598.png,10146
images-13599.png,10147
images-13600.png,10148
images-13601.png,10149
images-13602.png,10150
images-13603.png,10151
images-13604.png,10152
images-13605.png,10153
images-13606.png,10154
images-13607.png,10155
images-13608.png,10156
images-13609.png,10157
images-13610.png,10158
images-13611.png,10159
images-13612.png,10160
images-13613.png,10161
images-13614.png,10162
images-13615.png,10163
images-13616.png,10164
images-13617.png,10165
images-13618.png,10166
images-13619.png,10167
images-13628.png,10168
images-13629.png,10169
images-13630.png,10170
images-13631.png,10171
images-13632.png,10172
images-13633.png,10173
images-13634.png,10174
images-13635.png,10175
images-13636.png,10176
images-13637.png,10177
images-13638.png,10178
images-13639.png,10179
images-13640.png,10180
images-13641.png,10181
images-13642.png,10182
images-13643.png,10183
images-13644.png,10184
images-13645.png,10185
images-13646.png,10186
images-13647.png,10187
images-13648.png,10188
images-13649.png,10189
images-13650.png,10190
images-13651.png,10191
images-13652.png,10192
images-13653.png,10193
images-13654.png,10194
images-13655.png,10195
images-13656.png,10196
images-13657.png,10197
images-13658.png,10198
images-13659.png,10199
images-13660.png,10200
images-13661.png,10201
images-13662.png,10202
images-13663.png,10203
images-13664.png,10204
images-13665.png,10205
images-13666.png,10206
images-13667.png,10207
images-13668.png,10208
images-13669.png,10209
images-13670.png,10210
images-13671.png,10211
images-13672.png,10212
images-13673.png,10213
images-13674.png,10214
images-13675.png,10215
images-13676.png,10216
images-13677.png,10217
images-13678.png,10218
images-13679.png,10219
images-13680.png,10220
images-13681.png,10221
images-13682.png,10222
images-13683.png,10223
images-13684.png,10224
images-13685.png,10225
images-13686.png,10226
images-13687.png,10227
images-13688.png,10228
images-13689.png,10229
images-13690.png,10230
images-13691.png,10231
images-13692.png,10232
images-13693.png,10233
images-13694.png,10234
images-13695.png,10235
images-13696.png,10236
images-13697.png,10237
images-13698.png,10238
images-13699.png,10239
images-13700.png,10240
images-13701.png,10241
images-13702.png,10242
images-13703.png,10243
images-13704.png,10244
images-13705.png,10245
images-13706.png,10246
images-13707.png,10247
images-13708.png,10248
images-13709.png,10249
images-13710.png,10250
images-13711.png,10251
images-13712.png,10252
images-13713.png,10253
images-13714.png,10254
images-13715.png,10255
images-13716.png,10256
images-13717.png,10257
images-13718.png,10258
images-13719.png,10259
images-13720.png,10260
images-13721.png,10261
images-13722.png,10262
images-13723.png,10263
images-13724.png,10264
images-13725.png,10265
images-13726.png,10266
images-13727.png,10267
images-13728.png,10268
images-13729.png,10269
images-13730.png,10270
images-13731.png,10271
images-13732.png,10272
images-13733.png,10273
images-13734.png,10274
images-13735.png,10275
images-13736.png,10276
images-13737.png,10277
images-13738.png,10278
images-13739.png,10279
images-13740.png,10280
images-13741.png,10281
images-13742.png,10282
images-13743.png,10283
images-13744.png,10284
images-13745.png,10285
images-13746.png,10286
images-13747.png,10287
images-13748.png,10288
images-13749.png,10289
images-13750.png,10290
images-13751.png,10291
images-13752.png,10292
images-13753.png,10293
images-13754.png,10294
images-13755.png,10295
images-13756.png,10296
images-13757.png,10297
images-13758.png,10298
images-13759.png,10299
images-13760.png,10300
images-13761.png,10301
images-13762.png,10302
images-13763.png,10303
images-13764.png,10304
images-13765.png,10305
images-13766.png,10306
images-13767.png,10307
images-13768.png,10308
images-13769.png,10309
images-13770.png,10310
images-13771.png,10311
images-13772.png,10312
images-13773.png,10313
images-13774.png,10314
images-13775.png,10315
images-13776.png,10316
images-13777.png,10317
images-13778.png,10318
images-13779.png,10319
images-13780.png,10320
images-13781.png,10321
images-13782.png,10322
images-13783.png,10323
images-13784.png,10324
images-13785.png,10325
images-13786.png,10326
images-13787.png,10327
images-13788.png,10328
images-13789.png,10329
images-13790.png,10330
images-13791.png,10331
images-13792.png,10332
images-13793.png,10333
images-13794.png,10334
images-13795.png,10335
images-13796.png,10336
images-13797.png,10337
images-13798.png,10338
images-13799.png,10339
images-13800.png,10340
images-13801.png,10341
images-13802.png,10342
images-13803.png,10343
images-13804.png,10344
images-13805.png,10345
images-13806.png,10346
images-13807.png,10347
images-13808.png,10348
images-13809.png,10349
images-13810.png,10350
images-13811.png,10351
images-13812.png,10352
images-13813.png,10353
images-13814.png,10354
images-13815.png,10355
images-13816.png,10356
images-13817.png,10357
images-13818.png,10358
images-13819.png,10359
images-13820.png,10360
images-13821.png,10361
images-13822.png,10362
images-13823.png,10363
images-13824.png,10364
images-13825.png,10365
images-13826.png,10366
images-13827.png,10367
images-13828.png,10368
images-13829.png,10369
images-13830.png,10370
images-13831.png,10371
images-13832.png,10372
images-13833.png,10373
images-13834.png,10374
images-13835.png,10375
images-13836.png,10376
images-13837.png,10377
images-13838.png,10378
images-13839.png,10379
images-13840.png,10380
images-13841.png,10381
images-13842.png,10382
images-13843.png,10383
images-13844.png,10384
images-13845.png,10385
images-13846.png,10386
images-13847.png,10387
images-13848.png,10388
images-13849.png,10389
images-13850.png,10390
images-13851.png,10391
images-13852.png,10392
images-13853.png,10393
images-13854.png,10394
images-13855.png,10395
images-13856.png,10396
images-13857.png,10397
images-13858.png,10398
images-13859.png,10399
images-13860.png,10400
images-13861.png,10401
images-13862.png,10402
images-13863.png,10403
images-13864.png,10404
images-13865.png,10405
images-13866.png,10406
images-13867.png,10407
images-13868.png,10408
images-13869.png,10409
images-13870.png,10410
images-13871.png,10411
images-13872.png,10412
images-13873.png,10413
images-13874.png,10414
images-13875.png,10415
images-13876.png,10416
images-13877.png,10417
images-13878.png,10418
images-13879.png,10419
images-13880.png,10420
images-13881.png,10421
images-13882.png,10422
images-13883.png,10423
images-13884.png,10424
images-13885.png,10425
images-13886.png,10426
images-13887.png,10427
images-13888.png,10428
images-13889.png,10429
images-13890.png,10430
images-13891.png,10431
images-13892.png,10432
images-13893.png,10433
images-13894.png,10434
images-13895.png,10435
images-13896.png,10436
images-13897.png,10437
images-13898.png,10438
images-13899.png,10439
images-13900.png,10440
images-13901.png,10441
images-13902.png,10442
images-13903.png,10443
images-13904.png,10444
images-13905.png,10445
images-13906.png,10446
images-13907.png,10447
images-13908.png,10448
images-13909.png,10449
images-13910.png,10450
images-13911.png,10451
images-13912.png,10452
images-13913.png,10453
images-13914.png,10454
images-13915.png,10455
images-13916.png,10456
images-13917.png,10457
images-13918.png,10458
images-13919.png,10459
images-13920.png,10460
images-13921.png,10461
images-13922.png,10462
images-13923.png,10463
images-13924.png,10464
images-13925.png,10465
images-13926.png,10466
images-13927.png,10467
images-13928.png,10468
images-13929.png,10469
images-13930.png,10470
images-13931.png,10471
images-13932.png,10472
images-13933.png,10473
images-13934.png,10474
images-13935.png,10475
images-13936.png,10476
images-13937.png,10477
images-13938.png,10478
images-13939.png,10479
images-13940.png,10480
images-13941.png,10481
images-13942.png,10482
images-13943.png,10483
images-13944.png,10484
images-13945.png,10485
images-13946.png,10486
images-13947.png,10487
images-13948.png,10488
images-13949.png,10489
images-13950.png,10490
images-13951.png,10491
images-13952.png,10492
images-13953.png,10493
images-13954.png,10494
images-13955.png,10495
images-13956.png,10496
images-13957.png,10497
images-13958.png,10498
images-13959.png,10499
images-13960.png,10500
images-13961.png,10501
images-13962.png,10502
images-13963.png,10503
images-13964.png,10504
images-13965.png,10505
images-13966.png,10506
images-13967.png,10507
images-13968.png,10508
images-13969.png,10509
images-13970.png,10510
images-13971.png,10511
images-13972.png,10512
images-13973.png,10513
images-13974.png,10514
images-13975.png,10515
images-13976.png,10516
images-13977.png,10517
images-13978.png,10518
images-13979.png,10519
images-13980.png,10520
images-13981.png,10521
images-13982.png,10522
images-13983.png,10523
images-13984.png,10524
images-13985.png,10525
images-13986.png,10526
images-13987.png,10527
images-13988.png,10528
images-13989.png,10529
images-13990.png,10530
images-13991.png,10531
images-13992.png,10532
images-13993.png,10533
images-13994.png,10534
images-13995.png,10535
images-13996.png,10536
images-13997.png,10537
images-13998.png,10538
images-13999.png,10539
images-14000.png,10540
images-14001.png,10541
images-14002.png,10542
images-14003.png,10543
images-14004.png,10544
images-14005.png,10545
images-14006.png,10546
images-14007.png,10547
images-14008.png,10548
images-14009.png,10549
images-14010.png,10550
images-14011.png,10551
images-14012.png,10552
images-14013.png,10553
images-14014.png,10554
images-14015.png,10555
images-14016.png,10556
images-14017.png,10557
images-14018.png,10558
images-14019.png,10559
images-14020.png,10560
images-14021.png,10561
images-14022.png,10562
images-14023.png,10563
images-14024.png,10564
images-14025.png,10565
images-14026.png,10566
images-14027.png,10567
images-14028.png,10568
images-14029.png,10569
images-14030.png,10570
images-14031.png,10571
images-14032.png,10572
images-14033.png,10573
images-14034.png,10574
images-14035.png,10575
images-14036.png,10576
images-14037.png,10577
images-14038.png,10578
images-14039.png,10579
images-14040.png,10580
images-14041.png,10581
images-14042.png,10582
images-14043.png,10583
images-14044.png,10584
images-14045.png,10585
images-14046.png,10586
images-14047.png,10587
images-14048.png,10588
images-14049.png,10589
images-14050.png,10590
images-14051.png,10591
images-14052.png,10592
images-14053.png,10593
images-14054.png,10594
images-14055.png,10595
images-14056.png,10596
images-14057.png,10597
images-14058.png,10598
images-14059.png,10599
images-14060.png,10600
images-14061.png,10601
images-14062.png,10602
images-14063.png,10603
images-14064.png,10604
images-14065.png,10605
images-14066.png,10606
images-14067.png,10607
images-14068.png,10608
images-14069.png,10609
images-14070.png,10610
images-14071.png,10611
images-14072.png,10612
images-14073.png,10613
images-14074.png,10614
images-14075.png,10615
images-14076.png,10616
images-14077.png,10617
images-14078.png,10618
images-14079.png,10619
images-14080.png,10620
images-14081.png,10621
images-14082.png,10622
images-14083.png,10623
images-14084.png,10624
images-14085.png,10625
images-14086.png,10626
images-14087.png,10627
images-14088.png,10628
images-14089.png,10629
images-14090.png,10630
images-14091.png,10631
images-14092.png,10632
images-14093.png,10633
images-14094.png,10634
images-14095.png,10635
images-14096.png,10636
images-14097.png,10637
images-14098.png,10638
images-14099.png,10639
images-14100.png,10640
images-14101.png,10641
images-14102.png,10642
images-14103.png,10643
images-14104.png,10644
images-14105.png,10645
images-14106.png,10646
images-14107.png,10647
images-14108.png,10648
images-14109.png,10649
images-14110.png,10650
images-14111.png,10651
images-14112.png,10652
images-14113.png,10653
images-14114.png,10654
images-14115.png,10655
images-14116.png,10656
images-14117.png,10657
images-14118.png,10658
images-14119.png,10659
images-14120.png,10660
images-14121.png,10661
images-14122.png,10662
images-14123.png,10663
images-14124.png,10664
images-14125.png,10665
images-14126.png,10666
images-14127.png,10667
images-14128.png,10668
images-14129.png,10669
images-14130.png,10670
images-14131.png,10671
images-14132.png,10672
images-14133.png,10673
images-14134.png,10674
images-14135.png,10675
images-14136.png,10676
images-14137.png,10677
images-14138.png,10678
images-14139.png,10679
images-14140.png,10680
images-14141.png,10681
images-14142.png,10682
images-14143.png,10683
images-14144.png,10684
images-14145.png,10685
images-14146.png,10686
images-14147.png,10687
images-14148.png,10688
images-14149.png,10689
images-14150.png,10690
images-14151.png,10691
images-14152.png,10692
images-14153.png,10693
images-14154.png,10694
images-14155.png,10695
images-14156.png,10696
images-14157.png,10697
images-14158.png,10698
images-14159.png,10699
images-14160.png,10700
images-14161.png,10701
images-14162.png,10702
images-14163.png,10703
images-14164.png,10704
images-14165.png,10705
images-14166.png,10706
images-14167.png,10707
images-14168.png,10708
images-14169.png,10709
images-14170.png,10710
images-14171.png,10711
images-14172.png,10712
images-14173.png,10713
images-14174.png,10714
images-14175.png,10715
images-14176.png,10716
images-14177.png,10717
images-14178.png,10718
images-14179.png,10719
images-14180.png,10720
images-14181.png,10721
images-14182.png,10722
images-14183.png,10723
images-14184.png,10724
images-14185.png,10725
images-14186.png,10726
images-14187.png,10727
images-14188.png,10728
images-14189.png,10729
images-14190.png,10730
images-14191.png,10731
images-14192.png,10732
images-14193.png,10733
images-14194.png,10734
images-14195.png,10735
images-14196.png,10736
images-14197.png,10737
images-14198.png,10738
images-14199.png,10739
images-14200.png,10740
images-14201.png,10741
images-14202.png,10742
images-14203.png,10743
images-14204.png,10744
images-14205.png,10745
images-14206.png,10746
images-14207.png,10747
images-14208.png,10748
images-14209.png,10749
images-14210.png,10750
images-14211.png,10751
images-14212.png,10752
images-14213.png,10753
images-14214.png,10754
images-14215.png,10755
images-14216.png,10756
images-14217.png,10757
images-14218.png,10758
images-14219.png,10759
images-14220.png,10760
images-14221.png,10761
images-14222.png,10762
images-14223.png,10763
images-14224.png,10764
images-14225.png,10765
images-14226.png,10766
images-14227.png,10767
images-14228.png,10768
images-14229.png,10769
images-14230.png,10770
images-14231.png,10771
images-14232.png,10772
images-14233.png,10773
images-14234.png,10774
images-14235.png,10775
images-14236.png,10776
images-14237.png,10777
images-14238.png,10778
images-14239.png,10779
images-14240.png,10780
images-14241.png,10781
images-14242.png,10782
images-14243.png,10783
images-14244.png,10784
images-14245.png,10785
images-14246.png,10786
images-14247.png,10787
images-14248.png,10788
images-14249.png,10789
images-14250.png,10790
images-14251.png,10791
images-14252.png,10792
images-14253.png,10793
images-14254.png,10794
images-14255.png,10795
images-14256.png,10796
images-14257.png,10797
images-14258.png,10798
images-14259.png,10799
images-14260.png,10800
images-14261.png,10801
images-14262.png,10802
images-14263.png,10803
images-14264.png,10804
images-14265.png,10805
images-14266.png,10806
images-14267.png,10807
images-14268.png,10808
images-14269.png,10809
images-14270.png,10810
images-14271.png,10811
images-14272.png,10812
images-14273.png,10813
images-14274.png,10814
images-14275.png,10815
images-14276.png,10816
images-14277.png,10817
images-14278.png,10818
images-14279.png,10819
images-14280.png,10820
images-14281.png,10821
images-14282.png,10822
images-14283.png,10823
images-14284.png,10824
images-14285.png,10825
images-14286.png,10826
images-14287.png,10827
images-14288.png,10828
images-14289.png,10829
images-14290.png,10830
images-14291.png,10831
images-14292.png,10832
images-14293.png,10833
images-14294.png,10834
images-14295.png,10835
images-14296.png,10836
images-14297.png,10837
images-14298.png,10838
images-14299.png,10839
images-14300.png,10840
images-14301.png,10841
images-14302.png,10842
images-14303.png,10843
images-14304.png,10844
images-14305.png,10845
images-14306.png,10846
images-14307.png,10847
images-14308.png,10848
images-14309.png,10849
images-14310.png,10850
images-14311.png,10851
images-14312.png,10852
images-14313.png,10853
images-14314.png,10854
images-14315.png,10855
images-14316.png,10856
images-14317.png,10857
images-14318.png,10858
images-14319.png,10859
images-14348.png,10860
images-14349.png,10861
images-14350.png,10862
images-14351.png,10863
images-14352.png,10864
images-14353.png,10865
images-14354.png,10866
images-14355.png,10867
images-14356.png,10868
images-14357.png,10869
images-14358.png,10870
images-14359.png,10871
images-14360.png,10872
images-14361.png,10873
images-14362.png,10874
images-14363.png,10875
images-14364.png,10876
images-14365.png,10877
images-14366.png,10878
images-14367.png,10879
images-14368.png,10880
images-14369.png,10881
images-14370.png,10882
images-14371.png,10883
images-14372.png,10884
images-14373.png,10885
images-14374.png,10886
images-14375.png,10887
images-14376.png,10888
images-14377.png,10889
images-14378.png,10890
images-14379.png,10891
images-14380.png,10892
images-14381.png,10893
images-14382.png,10894
images-14383.png,10895
images-14384.png,10896
images-14385.png,10897
images-14386.png,10898
images-14387.png,10899
images-14388.png,10900
images-14389.png,10901
images-14400.png,10902
images-14401.png,10903
images-14402.png,10904
images-14403.png,10905
images-14404.png,10906
images-14405.png,10907
images-14406.png,10908
images-14407.png,10909
images-14408.png,10910
images-14409.png,10911
images-14410.png,10912
images-14411.png,10913
images-14412.png,10914
images-14413.png,10915
images-14414.png,10916
images-14415.png,10917
images-14416.png,10918
images-14417.png,10919
images-14418.png,10920
images-14419.png,10921
images-14420.png,10922
images-14421.png,10923
images-14422.png,10924
images-14423.png,10925
images-14424.png,10926
images-14425.png,10927
images-14426.png,10928
images-14427.png,10929
images-14428.png,10930
images-14429.png,10931
images-14430.png,10932
images-14431.png,10933
images-14432.png,10934
images-14433.png,10935
images-14434.png,10936
images-14435.png,10937
images-14436.png,10938
images-14437.png,10939
images-14438.png,10940
images-14439.png,10941
images-14440.png,10942
images-14441.png,10943
images-14442.png,10944
images-14443.png,10945
images-14444.png,10946
images-14445.png,10947
images-14446.png,10948
images-14447.png,10949
images-14448.png,10950
images-14449.png,10951
images-14450.png,10952
images-14451.png,10953
images-14452.png,10954
images-14453.png,10955
images-14454.png,10956
images-14455.png,10957
images-14456.png,10958
images-14457.png,10959
images-14458.png,10960
images-14459.png,10961
images-14460.png,10962
images-14461.png,10963
images-14462.png,10964
images-14463.png,10965
images-14464.png,10966
images-14465.png,10967
images-14466.png,10968
images-14467.png,10969
images-14468.png,10970
images-14469.png,10971
images-14470.png,10972
images-14471.png,10973
images-14472.png,10974
images-14473.png,10975
images-14474.png,10976
images-14475.png,10977
images-14476.png,10978
images-14477.png,10979
images-14478.png,10980
images-14479.png,10981
images-14480.png,10982
images-14481.png,10983
images-14482.png,10984
images-14483.png,10985
images-14484.png,10986
images-14485.png,10987
images-14486.png,10988
images-14487.png,10989
images-14488.png,10990
images-14489.png,10991
images-14490.png,10992
images-14491.png,10993
images-14492.png,10994
images-14493.png,10995
images-14494.png,10996
images-14495.png,10997
images-14496.png,10998
images-14497.png,10999
images-14498.png,11000
images-14499.png,11001
images-14500.png,11002
images-14501.png,11003
images-14502.png,11004
images-14503.png,11005
images-14504.png,11006
images-14505.png,11007
images-14506.png,11008
images-14507.png,11009
images-14508.png,11010
images-14509.png,11011
images-14510.png,11012
images-14511.png,11013
images-14512.png,11014
images-14513.png,11015
images-14514.png,11016
images-14515.png,11017
images-14516.png,11018
images-14517.png,11019
images-14518.png,11020
images-14519.png,11021
images-14520.png,11022
images-14521.png,11023
images-14522.png,11024
images-14523.png,11025
images-14524.png,11026
images-14525.png,11027
images-14526.png,11028
images-14527.png,11029
images-14528.png,11030
images-14529.png,11031
images-14530.png,11032
images-14531.png,11033
images-14532.png,11034
images-14533.png,11035
images-14534.png,11036
images-14535.png,11037
images-14536.png,11038
images-14537.png,11039
images-14538.png,11040
images-14539.png,11041
images-14540.png,11042
images-14541.png,11043
images-14542.png,11044
images-14543.png,11045
images-14544.png,11046
images-14545.png,11047
images-14546.png,11048
images-14547.png,11049
images-14548.png,11050
images-14549.png,11051
images-14550.png,11052
images-14551.png,11053
images-14552.png,11054
images-14553.png,11055
images-14554.png,11056
images-14555.png,11057
images-14556.png,11058
images-14557.png,11059
images-14558.png,11060
images-14559.png,11061
images-14560.png,11062
images-14561.png,11063
images-14562.png,11064
images-14563.png,11065
images-14564.png,11066
images-14565.png,11067
images-14566.png,11068
images-14567.png,11069
images-14568.png,11070
images-14569.png,11071
images-14570.png,11072
images-14571.png,11073
images-14572.png,11074
images-14573.png,11075
images-14574.png,11076
images-14575.png,11077
images-14576.png,11078
images-14577.png,11079
images-14578.png,11080
images-14579.png,11081
images-14580.png,11082
images-14581.png,11083
images-14582.png,11084
images-14583.png,11085
images-14584.png,11086
images-14585.png,11087
images-14586.png,11088
images-14587.png,11089
images-14588.png,11090
images-14589.png,11091
images-14590.png,11092
images-14591.png,11093
images-14592.png,11094
images-14593.png,11095
images-14594.png,11096
images-14595.png,11097
images-14596.png,11098
images-14597.png,11099
images-14598.png,11100
images-14599.png,11101
images-14600.png,11102
images-14601.png,11103
images-14602.png,11104
images-14603.png,11105
images-14604.png,11106
images-14605.png,11107
images-14606.png,11108
images-14607.png,11109
images-14608.png,11110
images-14609.png,11111
images-14610.png,11112
images-14611.png,11113
images-14612.png,11114
images-14613.png,11115
images-14614.png,11116
images-14615.png,11117
images-14616.png,11118
images-14617.png,11119
images-14618.png,11120
images-14619.png,11121
images-14620.png,11122
images-14621.png,11123
images-14622.png,11124
images-14623.png,11125
images-14624.png,11126
images-14625.png,11127
images-14626.png,11128
images-14627.png,11129
images-14628.png,11130
images-14629.png,11131
images-14630.png,11132
images-14631.png,11133
images-14632.png,11134
images-14633.png,11135
images-14634.png,11136
images-14635.png,11137
images-14636.png,11138
images-14637.png,11139
images-14638.png,11140
images-14639.png,11141
images-14640.png,11142
images-14641.png,11143
images-14642.png,11144
images-14643.png,11145
images-14644.png,11146
images-14645.png,11147
images-14646.png,11148
images-14647.png,11149
images-14648.png,11150
images-14649.png,11151
images-14650.png,11152
images-14651.png,11153
images-14652.png,11154
images-14653.png,11155
images-14654.png,11156
images-14655.png,11157
images-14656.png,11158
images-14657.png,11159
images-14658.png,11160
images-14659.png,11161
images-14660.png,11162
images-14661.png,11163
images-14662.png,11164
images-14663.png,11165
images-14664.png,11166
images-14665.png,11167
images-14666.png,11168
images-14667.png,11169
images-14668.png,11170
images-14669.png,11171
images-14670.png,11172
images-14671.png,11173
images-14672.png,11174
images-14673.png,11175
images-14674.png,11176
images-14675.png,11177
images-14676.png,11178
images-14677.png,11179
images-14678.png,11180
images-14679.png,11181
images-14680.png,11182
images-14681.png,11183
images-14682.png,11184
images-14683.png,11185
images-14684.png,11186
images-14685.png,11187
images-14686.png,11188
images-14687.png,11189
images-14688.png,11190
images-14689.png,11191
images-14690.png,11192
images-14691.png,11193
images-14692.png,11194
images-14693.png,11195
images-14694.png,11196
images-14695.png,11197
images-14696.png,11198
images-14697.png,11199
images-14698.png,11200
images-14699.png,11201
images-14700.png,11202
images-14701.png,11203
images-14702.png,11204
images-14703.png,11205
images-14704.png,11206
images-14705.png,11207
images-14706.png,11208
images-14707.png,11209
images-14708.png,11210
images-14709.png,11211
images-14710.png,11212
images-14711.png,11213
images-14712.png,11214
images-14713.png,11215
images-14714.png,11216
images-14715.png,11217
images-14716.png,11218
images-14717.png,11219
images-14718.png,11220
images-14719.png,11221
images-14720.png,11222
images-14721.png,11223
images-14722.png,11224
images-14723.png,11225
images-14724.png,11226
images-14725.png,11227
images-14726.png,11228
images-14727.png,11229
images-14728.png,11230
images-14729.png,11231
images-14730.png,11232
images-14731.png,11233
images-14732.png,11234
images-14733.png,11235
images-14734.png,11236
images-14735.png,11237
images-14736.png,11238
images-14737.png,11239
images-14738.png,11240
images-14739.png,11241
images-14740.png,11242
images-14741.png,11243
images-14742.png,11244
images-14743.png,11245
images-14744.png,11246
images-14745.png,11247
images-14746.png,11248
images-14747.png,11249
images-14748.png,11250
images-14749.png,11251
images-14750.png,11252
images-14751.png,11253
images-14752.png,11254
images-14753.png,11255
images-14754.png,11256
images-14755.png,11257
images-14756.png,11258
images-14757.png,11259
images-14758.png,11260
images-14759.png,11261
images-14760.png,11262
images-14761.png,11263
images-14762.png,11264
images-14763.png,11265
images-14764.png,11266
images-14765.png,11267
images-14766.png,11268
images-14767.png,11269
images-14768.png,11270
images-14769.png,11271
images-14770.png,11272
images-14771.png,11273
images-14772.png,11274
images-14773.png,11275
images-14774.png,11276
images-14775.png,11277
images-14776.png,11278
images-14777.png,11279
images-14778.png,11280
images-14779.png,11281
images-14780.png,11282
images-14781.png,11283
images-14782.png,11284
images-14783.png,11285
images-14784.png,11286
images-14785.png,11287
images-14786.png,11288
images-14787.png,11289
images-14788.png,11290
images-14789.png,11291
images-14790.png,11292
images-14791.png,11293
images-14792.png,11294
images-14793.png,11295
images-14794.png,11296
images-14795.png,11297
images-14796.png,11298
images-14797.png,11299
images-14798.png,11300
images-14799.png,11301
images-14800.png,11302
images-14801.png,11303
images-14802.png,11304
images-14803.png,11305
images-14804.png,11306
images-14805.png,11307
images-14806.png,11308
images-14926.png,11309
images-14927.png,11310
images-14928.png,11311
images-14929.png,11312
images-14930.png,11313
images-14931.png,11314
images-14932.png,11315
images-14933.png,11316
images-14934.png,11317
images-14935.png,11318
images-14936.png,11319
images-14937.png,11320
images-14938.png,11321
images-14939.png,11322
images-14940.png,11323
images-14941.png,11324
images-14942.png,11325
images-14943.png,11326
images-14944.png,11327
images-14945.png,11328
images-14946.png,11329
images-14947.png,11330
images-14948.png,11331
images-14949.png,11332
images-14950.png,11333
images-14951.png,11334
images-14952.png,11335
images-14953.png,11336
images-14954.png,11337
images-14955.png,11338
images-14956.png,11339
images-14957.png,11340
images-14958.png,11341
images-14959.png,11342
images-14960.png,11343
images-14961.png,11344
images-14962.png,11345
images-14963.png,11346
images-14964.png,11347
images-14965.png,11348
images-14966.png,11349
images-14967.png,11350
images-14968.png,11351
images-14969.png,11352
images-14970.png,11353
images-14971.png,11354
images-14972.png,11355
images-14973.png,11356
images-14974.png,11357
images-14975.png,11358
images-14976.png,11359
images-14977.png,11360
images-14978.png,11361
images-14979.png,11362
images-14980.png,11363
images-14981.png,11364
images-14982.png,11365
images-14983.png,11366
images-14984.png,11367
images-14985.png,11368
images-14986.png,11369
images-14987.png,11370
images-14988.png,11371
images-14989.png,11372
images-14990.png,11373
images-14991.png,11374
images-14992.png,11375
images-14993.png,11376
images-14994.png,11377
images-14995.png,11378
images-14996.png,11379
images-14997.png,11380
images-14998.png,11381
images-14999.png,11382
images-15000.png,11383
images-15001.png,11384
images-15002.png,11385
images-15003.png,11386
images-15004.png,11387
images-15005.png,11388
images-15006.png,11389
images-15007.png,11390
images-15008.png,11391
images-15009.png,11392
images-15010.png,11393
images-15011.png,11394
images-15012.png,11395
images-15013.png,11396
images-15014.png,11397
images-15015.png,11398
images-15016.png,11399
images-15017.png,11400
images-15018.png,11401
images-15019.png,11402
images-15020.png,11403
images-15021.png,11404
images-15022.png,11405
images-15023.png,11406
images-15024.png,11407
images-15025.png,11408
images-15026.png,11409
images-15027.png,11410
images-15028.png,11411
images-15029.png,11412
images-15030.png,11413
images-15031.png,11414
images-15032.png,11415
images-15033.png,11416
images-15034.png,11417
images-15035.png,11418
images-15036.png,11419
images-15037.png,11420
images-15038.png,11421
images-15039.png,11422
images-15040.png,11423
images-15041.png,11424
images-15042.png,11425
images-15043.png,11426
images-15044.png,11427
images-15045.png,11428
images-15046.png,11429
images-15047.png,11430
images-15048.png,11431
images-15049.png,11432
images-15050.png,11433
images-15051.png,11434
images-15052.png,11435
images-15053.png,11436
images-15054.png,11437
images-15055.png,11438
images-15056.png,11439
images-15057.png,11440
images-15058.png,11441
images-15059.png,11442
images-15060.png,11443
images-15061.png,11444
images-15062.png,11445
images-15063.png,11446
images-15064.png,11447
images-15065.png,11448
images-15066.png,11449
images-15067.png,11450
images-15068.png,11451
images-15069.png,11452
images-15070.png,11453
images-15071.png,11454
images-15072.png,11455
images-15073.png,11456
images-15074.png,11457
images-15075.png,11458
images-15076.png,11459
images-15077.png,11460
images-15078.png,11461
images-15079.png,11462
images-15080.png,11463
images-15081.png,11464
images-15082.png,11465
images-15083.png,11466
images-15084.png,11467
images-15085.png,11468
images-15086.png,11469
images-15087.png,11470
images-15088.png,11471
images-15089.png,11472
images-15090.png,11473
images-15091.png,11474
images-15092.png,11475
images-15093.png,11476
images-15094.png,11477
images-15095.png,11478
images-15096.png,11479
images-15097.png,11480
images-15098.png,11481
images-15099.png,11482
images-15100.png,11483
images-15101.png,11484
images-15102.png,11485
images-15103.png,11486
images-15104.png,11487
images-15105.png,11488
images-15106.png,11489
images-15107.png,11490
images-15108.png,11491
images-15109.png,11492
images-15110.png,11493
images-15111.png,11494
images-15112.png,11495
images-15113.png,11496
images-15114.png,11497
images-15115.png,11498
images-15116.png,11499
images-15117.png,11500
images-15118.png,11501
images-15119.png,11502
images-15120.png,11503
images-15121.png,11504
images-15122.png,11505
images-15123.png,11506
images-15124.png,11507
images-15125.png,11508
images-15126.png,11509
images-15127.png,11510
images-15128.png,11511
images-15129.png,11512
images-15130.png,11513
images-15131.png,11514
images-15132.png,11515
images-15133.png,11516
images-15134.png,11517
images-15135.png,11518
images-15136.png,11519
images-15137.png,11520
images-15138.png,11521
images-15139.png,11522
images-15140.png,11523
images-15141.png,11524
images-15142.png,11525
images-15143.png,11526
images-15144.png,11527
images-15145.png,11528
images-15146.png,11529
images-15147.png,11530
images-15148.png,11531
images-15149.png,11532
images-15150.png,11533
images-15151.png,11534
images-15152.png,11535
images-15153.png,11536
images-15154.png,11537
images-15155.png,11538
images-15156.png,11539
images-15157.png,11540
images-15158.png,11541
images-15159.png,11542
images-15160.png,11543
images-15161.png,11544
images-15162.png,11545
images-15163.png,11546
images-15164.png,11547
images-15165.png,11548
images-15166.png,11549
images-15167.png,11550
images-15168.png,11551
images-15169.png,11552
images-15170.png,11553
images-15171.png,11554
images-15172.png,11555
images-15173.png,11556
images-15174.png,11557
images-15175.png,11558
images-15176.png,11559
images-15177.png,11560
images-15178.png,11561
images-15179.png,11562
images-15180.png,11563
images-15181.png,11564
images-15182.png,11565
images-15183.png,11566
images-15184.png,11567
images-15185.png,11568
images-15186.png,11569
images-15187.png,11570
images-15188.png,11571
images-15189.png,11572
images-15190.png,11573
images-15191.png,11574
images-15192.png,11575
images-15193.png,11576
images-15194.png,11577
images-15195.png,11578
images-15196.png,11579
images-15197.png,11580
images-15198.png,11581
images-15199.png,11582
images-15200.png,11583
images-15201.png,11584
images-15202.png,11585
images-15203.png,11586
images-15204.png,11587
images-15205.png,11588
images-15206.png,11589
images-15207.png,11590
images-15208.png,11591
images-15209.png,11592
images-15210.png,11593
images-15211.png,11594
images-15212.png,11595
images-15213.png,11596
images-15214.png,11597
images-15215.png,11598
images-15216.png,11599
images-15217.png,11600
images-15218.png,11601
images-15219.png,11602
images-15220.png,11603
images-15221.png,11604
images-15222.png,11605
images-15223.png,11606
images-15224.png,11607
images-15225.png,11608
images-15226.png,11609
images-15227.png,11610
images-15228.png,11611
images-15229.png,11612
images-15230.png,11613
images-15231.png,11614
images-15232.png,11615
images-15233.png,11616
images-15234.png,11617
images-15235.png,11618
images-15236.png,11619
images-15237.png,11620
images-15238.png,11621
images-15239.png,11622
images-15240.png,11623
images-15241.png,11624
images-15242.png,11625
images-15243.png,11626
images-15244.png,11627
images-15245.png,11628
images-15246.png,11629
images-15247.png,11630
images-15248.png,11631
images-15249.png,11632
images-15250.png,11633
images-15251.png,11634
images-15252.png,11635
images-15253.png,11636
images-15254.png,11637
images-15255.png,11638
images-15256.png,11639
images-15257.png,11640
images-15258.png,11641
images-15259.png,11642
images-15260.png,11643
images-15261.png,11644
images-15262.png,11645
images-15263.png,11646
images-15264.png,11647
images-15265.png,11648
images-15266.png,11649
images-15267.png,11650
images-15268.png,11651
images-15269.png,11652
images-15270.png,11653
images-15271.png,11654
images-15272.png,11655
images-15273.png,11656
images-15274.png,11657
images-15275.png,11658
images-15276.png,11659
images-15277.png,11660
images-15278.png,11661
images-15279.png,11662
images-15280.png,11663
images-15281.png,11664
images-15282.png,11665
images-15283.png,11666
images-15284.png,11667
images-15285.png,11668
images-15286.png,11669
images-15287.png,11670
images-15288.png,11671
images-15289.png,11672
images-15290.png,11673
images-15291.png,11674
images-15292.png,11675
images-15293.png,11676
images-15294.png,11677
images-15295.png,11678
images-15296.png,11679
images-15297.png,11680
images-15298.png,11681
images-15299.png,11682
images-15300.png,11683
images-15301.png,11684
images-15302.png,11685
images-15303.png,11686
images-15304.png,11687
images-15305.png,11688
images-15306.png,11689
images-15307.png,11690
images-15308.png,11691
images-15309.png,11692
images-15310.png,11693
images-15311.png,11694
images-15312.png,11695
images-15313.png,11696
images-15314.png,11697
images-15315.png,11698
images-15316.png,11699
images-15317.png,11700
images-15318.png,11701
images-15319.png,11702
images-15320.png,11703
images-15321.png,11704
images-15322.png,11705
images-15323.png,11706
images-15324.png,11707
images-15325.png,11708
images-15326.png,11709
images-15327.png,11710
images-15328.png,11711
images-15329.png,11712
images-15330.png,11713
images-15331.png,11714
images-15332.png,11715
images-15333.png,11716
images-15334.png,11717
images-15335.png,11718
images-15336.png,11719
images-15337.png,11720
images-15338.png,11721
images-15339.png,11722
images-15340.png,11723
images-15341.png,11724
images-15342.png,11725
images-15343.png,11726
images-15344.png,11727
images-15345.png,11728
images-15346.png,11729
images-15347.png,11730
images-15348.png,11731
images-15349.png,11732
images-15350.png,11733
images-15351.png,11734
images-15352.png,11735
images-15353.png,11736
images-15354.png,11737
images-15355.png,11738
images-15356.png,11739
images-15357.png,11740
images-15358.png,11741
images-15359.png,11742
images-15360.png,11743
images-15361.png,11744
images-15362.png,11745
images-15363.png,11746
images-15364.png,11747
images-15365.png,11748
images-15366.png,11749
images-15367.png,11750
images-15368.png,11751
images-15369.png,11752
images-15370.png,11753
images-15371.png,11754
images-15372.png,11755
images-15373.png,11756
images-15374.png,11757
images-15375.png,11758
images-15376.png,11759
images-15377.png,11760
images-15378.png,11761
images-15379.png,11762
images-15380.png,11763
images-15381.png,11764
images-15382.png,11765
images-15383.png,11766
images-15384.png,11767
images-15385.png,11768
images-15386.png,11769
images-15387.png,11770
images-15388.png,11771
images-15389.png,11772
images-15390.png,11773
images-15391.png,11774
images-15392.png,11775
images-15393.png,11776
images-15394.png,11777
images-15395.png,11778
images-15396.png,11779
images-15397.png,11780
images-15398.png,11781
images-15399.png,11782
images-15400.png,11783
images-15401.png,11784
images-15402.png,11785
images-15403.png,11786
images-15404.png,11787
images-15405.png,11788
images-15406.png,11789
images-15407.png,11790
images-15408.png,11791
images-15409.png,11792
images-15410.png,11793
images-15411.png,11794
images-15412.png,11795
images-15413.png,11796
images-15414.png,11797
images-15415.png,11798
images-15416.png,11799
images-15417.png,11800
images-15418.png,11801
images-15419.png,11802
images-15420.png,11803
images-15421.png,11804
images-15422.png,11805
images-15423.png,11806
images-15424.png,11807
images-15425.png,11808
images-15426.png,11809
images-15427.png,11810
images-15428.png,11811
images-15429.png,11812
images-15430.png,11813
images-15431.png,11814
images-15432.png,11815
images-15433.png,11816
images-15434.png,11817
images-15435.png,11818
images-15436.png,11819
images-15437.png,11820
images-15438.png,11821
images-15439.png,11822
images-15440.png,11823
images-15441.png,11824
images-15442.png,11825
images-15443.png,11826
images-15444.png,11827
images-15445.png,11828
images-15446.png,11829
images-15447.png,11830
images-15448.png,11831
images-15449.png,11832
images-15450.png,11833
images-15451.png,11834
images-15452.png,11835
images-15453.png,11836
images-15454.png,11837
images-15455.png,11838
images-15456.png,11839
images-15457.png,11840
images-15458.png,11841
images-15459.png,11842
images-15460.png,11843
images-15461.png,11844
images-15462.png,11845
images-15463.png,11846
images-15464.png,11847
images-15465.png,11848
images-15466.png,11849
images-15467.png,11850
images-15468.png,11851
images-15469.png,11852
images-15470.png,11853
images-15471.png,11854
images-15472.png,11855
images-15473.png,11856
images-15474.png,11857
images-15475.png,11858
images-15476.png,11859
images-15477.png,11860
images-15478.png,11861
images-15479.png,11862
images-15480.png,11863
images-15481.png,11864
images-15482.png,11865
images-15483.png,11866
images-15484.png,11867
images-15485.png,11868
images-15486.png,11869
images-15487.png,11870
images-15488.png,11871
images-15489.png,11872
images-15490.png,11873
images-15491.png,11874
images-15492.png,11875
images-15493.png,11876
images-15494.png,11877
images-15495.png,11878
images-15496.png,11879
images-15497.png,11880
images-15498.png,11881
images-15499.png,11882
images-15500.png,11883
images-15501.png,11884
images-15502.png,11885
images-15503.png,11886
images-15504.png,11887
images-15505.png,11888
images-15506.png,11889
images-15507.png,11890
images-15508.png,11891
images-15509.png,11892
images-15510.png,11893
images-15511.png,11894
images-15512.png,11895
images-15513.png,11896
images-15514.png,11897
images-15515.png,11898
images-15516.png,11899
images-15517.png,11900
images-15518.png,11901
images-15519.png,11902
images-15520.png,11903
images-15521.png,11904
images-15522.png,11905
images-15523.png,11906
images-15524.png,11907
images-15525.png,11908
images-15526.png,11909
images-15527.png,11910
images-15528.png,11911
images-15529.png,11912
images-15530.png,11913
images-15531.png,11914
images-15532.png,11915
images-15533.png,11916
images-15534.png,11917
images-15535.png,11918
images-15536.png,11919
images-15537.png,11920
images-15538.png,11921
images-15539.png,11922
images-15540.png,11923
images-15541.png,11924
images-15542.png,11925
images-15543.png,11926
images-15544.png,11927
images-15545.png,11928
images-15546.png,11929
images-15547.png,11930
images-15548.png,11931
images-15549.png,11932
images-15550.png,11933
images-15551.png,11934
images-15552.png,11935
images-15553.png,11936
images-15554.png,11937
images-15555.png,11938
images-15556.png,11939
images-15557.png,11940
images-15558.png,11941
images-15559.png,11942
images-15560.png,11943
images-15561.png,11944
images-15562.png,11945
images-15563.png,11946
images-15564.png,11947
images-15565.png,11948
images-15566.png,11949
images-15567.png,11950
images-15568.png,11951
images-15569.png,11952
images-15570.png,11953
images-15571.png,11954
images-15572.png,11955
images-15573.png,11956
images-15574.png,11957
images-15575.png,11958
images-15576.png,11959
images-15577.png,11960
images-15578.png,11961
images-15579.png,11962
images-15580.png,11963
images-15581.png,11964
images-15582.png,11965
images-15583.png,11966
images-15584.png,11967
images-15585.png,11968
images-15586.png,11969
images-15587.png,11970
images-15588.png,11971
images-15589.png,11972
images-15590.png,11973
images-15591.png,11974
images-15592.png,11975
images-15593.png,11976
images-15594.png,11977
images-15595.png,11978
images-15596.png,11979
images-15597.png,11980
images-15598.png,11981
images-15599.png,11982
images-15600.png,11983
images-15601.png,11984
images-15602.png,11985
images-15603.png,11986
images-15604.png,11987
images-15605.png,11988
images-15606.png,11989
images-15607.png,11990
images-15608.png,11991
images-15609.png,11992
images-15610.png,11993
images-15611.png,11994
images-15612.png,11995
images-15613.png,11996
images-15614.png,11997
images-15615.png,11998
images-15616.png,11999
images-15617.png,12000
images-15618.png,12001
images-15619.png,12002
images-15620.png,12003
images-15621.png,12004
images-15622.png,12005
images-15623.png,12006
images-15624.png,12007
images-15625.png,12008
images-15626.png,12009
images-15627.png,12010
images-15628.png,12011
images-15629.png,12012
images-15630.png,12013
images-15631.png,12014
images-15632.png,12015
images-15633.png,12016
images-15634.png,12017
images-15635.png,12018
images-15636.png,12019
images-15637.png,12020
images-15638.png,12021
images-15639.png,12022
images-15640.png,12023
images-15641.png,12024
images-15642.png,12025
images-15643.png,12026
images-15644.png,12027
images-15645.png,12028
images-15646.png,12029
images-15647.png,12030
images-15648.png,12031
images-15649.png,12032
images-15650.png,12033
images-15651.png,12034
images-15652.png,12035
images-15653.png,12036
images-15654.png,12037
images-15655.png,12038
images-15656.png,12039
images-15657.png,12040
images-15658.png,12041
images-15659.png,12042
images-15660.png,12043
images-15661.png,12044
images-15662.png,12045
images-15663.png,12046
images-15664.png,12047
images-15665.png,12048
images-15666.png,12049
images-15667.png,12050
images-15668.png,12051
images-15669.png,12052
images-15670.png,12053
images-15671.png,12054
images-15672.png,12055
images-15673.png,12056
images-15674.png,12057
images-15675.png,12058
images-15676.png,12059
images-15677.png,12060
images-15678.png,12061
images-15679.png,12062
images-15680.png,12063
images-15681.png,12064
images-15682.png,12065
images-15683.png,12066
images-15684.png,12067
images-15685.png,12068
images-15686.png,12069
images-15687.png,12070
images-15688.png,12071
images-15689.png,12072
images-15690.png,12073
images-15691.png,12074
images-15692.png,12075
images-15693.png,12076
images-15694.png,12077
images-15695.png,12078
images-15696.png,12079
images-15697.png,12080
images-15698.png,12081
images-15699.png,12082
images-15700.png,12083
images-15701.png,12084
images-15702.png,12085
images-15703.png,12086
images-15704.png,12087
images-15705.png,12088
images-15706.png,12089
images-15707.png,12090
images-15708.png,12091
images-15709.png,12092
images-15710.png,12093
images-15711.png,12094
images-15712.png,12095
images-15713.png,12096
images-15714.png,12097
images-15715.png,12098
images-15716.png,12099
images-15717.png,12100
images-15718.png,12101
images-15719.png,12102
images-15720.png,12103
images-15721.png,12104
images-15722.png,12105
images-15723.png,12106
images-15724.png,12107
images-15725.png,12108
images-15726.png,12109
images-15727.png,12110
images-15728.png,12111
images-15729.png,12112
images-15730.png,12113
images-15731.png,12114
images-15732.png,12115
images-15733.png,12116
images-15734.png,12117
images-15735.png,12118
images-15736.png,12119
images-15737.png,12120
images-15738.png,12121
images-15739.png,12122
images-15740.png,12123
images-15741.png,12124
images-15742.png,12125
images-15743.png,12126
images-15744.png,12127
images-15745.png,12128
images-15746.png,12129
images-15747.png,12130
images-15748.png,12131
images-15749.png,12132
images-15750.png,12133
images-15751.png,12134
images-15752.png,12135
images-15753.png,12136
images-15754.png,12137
images-15755.png,12138
images-15756.png,12139
images-15757.png,12140
images-15758.png,12141
images-15759.png,12142
images-15760.png,12143
images-15761.png,12144
images-15762.png,12145
images-15763.png,12146
images-15764.png,12147
images-15765.png,12148
images-15766.png,12149
images-15767.png,12150
images-15768.png,12151
images-15769.png,12152
images-15770.png,12153
images-15771.png,12154
images-15772.png,12155
images-15773.png,12156
images-15774.png,12157
images-15775.png,12158
images-15776.png,12159
images-15777.png,12160
images-15778.png,12161
images-15779.png,12162
images-15780.png,12163
images-15781.png,12164
images-15782.png,12165
images-15783.png,12166
images-15784.png,12167
images-15785.png,12168
images-15786.png,12169
images-15787.png,12170
images-15788.png,12171
images-15789.png,12172
images-15790.png,12173
images-15791.png,12174
images-15792.png,12175
images-15793.png,12176
images-15794.png,12177
images-15795.png,12178
images-15796.png,12179
images-15797.png,12180
images-15798.png,12181
images-15799.png,12182
images-15800.png,12183
images-15801.png,12184
images-15802.png,12185
images-15803.png,12186
images-15804.png,12187
images-15805.png,12188
images-15806.png,12189
images-15807.png,12190
images-15808.png,12191
images-15809.png,12192
images-15810.png,12193
images-15811.png,12194
images-15812.png,12195
images-15813.png,12196
images-15814.png,12197
images-15815.png,12198
images-15816.png,12199
images-15817.png,12200
images-15818.png,12201
images-15819.png,12202
images-15820.png,12203
images-15821.png,12204
images-15822.png,12205
images-15823.png,12206
images-15824.png,12207
images-15825.png,12208
images-15826.png,12209
images-15827.png,12210
images-15828.png,12211
images-15829.png,12212
images-15830.png,12213
images-15831.png,12214
images-15832.png,12215
images-15833.png,12216
images-15834.png,12217
images-15835.png,12218
images-15836.png,12219
images-15837.png,12220
images-15838.png,12221
images-15839.png,12222
images-15840.png,12223
images-15841.png,12224
images-15842.png,12225
images-15843.png,12226
images-15844.png,12227
images-15845.png,12228
images-15846.png,12229
images-15847.png,12230
images-15848.png,12231
images-15849.png,12232
images-15850.png,12233
images-15851.png,12234
images-15852.png,12235
images-15853.png,12236
images-15854.png,12237
images-15855.png,12238
images-15856.png,12239
images-15857.png,12240
images-15858.png,12241
images-15859.png,12242
images-15860.png,12243
images-15861.png,12244
images-15862.png,12245
images-15863.png,12246
images-15864.png,12247
images-15865.png,12248
images-15866.png,12249
images-15867.png,12250
images-15868.png,12251
images-15869.png,12252
images-15870.png,12253
images-15871.png,12254
images-15872.png,12255
images-15873.png,12256
images-15874.png,12257
images-15875.png,12258
images-15876.png,12259
images-15877.png,12260
images-15878.png,12261
images-15879.png,12262
images-15880.png,12263
images-15881.png,12264
images-15882.png,12265
images-15883.png,12266
images-15884.png,12267
images-15885.png,12268
images-15886.png,12269
images-15887.png,12270
images-15888.png,12271
images-15889.png,12272
images-15890.png,12273
images-15891.png,12274
images-15892.png,12275
images-15893.png,12276
images-15894.png,12277
images-15895.png,12278
images-15896.png,12279
images-15897.png,12280
images-15898.png,12281
images-15899.png,12282
images-15900.png,12283
images-15901.png,12284
images-15902.png,12285
images-15903.png,12286
images-15904.png,12287
images-15905.png,12288
images-15906.png,12289
images-15907.png,12290
images-15908.png,12291
images-15909.png,12292
images-15910.png,12293
images-15911.png,12294
images-15912.png,12295
images-15913.png,12296
images-15914.png,12297
images-15915.png,12298
images-15916.png,12299
images-15917.png,12300
images-15918.png,12301
images-15919.png,12302
images-15920.png,12303
images-15921.png,12304
images-15922.png,12305
images-15923.png,12306
images-15924.png,12307
images-15925.png,12308
images-15926.png,12309
images-15927.png,12310
images-15928.png,12311
images-15929.png,12312
images-15930.png,12313
images-15931.png,12314
images-15932.png,12315
images-15933.png,12316
images-15934.png,12317
images-15935.png,12318
images-15936.png,12319
images-15937.png,12320
images-15938.png,12321
images-15939.png,12322
images-15940.png,12323
images-15941.png,12324
images-15942.png,12325
images-15943.png,12326
images-15944.png,12327
images-15945.png,12328
images-15946.png,12329
images-15947.png,12330
images-15948.png,12331
images-15949.png,12332
images-15950.png,12333
images-15951.png,12334
images-15952.png,12335
images-15953.png,12336
images-15954.png,12337
images-15955.png,12338
images-15956.png,12339
images-15957.png,12340
images-15958.png,12341
images-15959.png,12342
images-15960.png,12343
images-15961.png,12344
images-15962.png,12345
images-15963.png,12346
images-15964.png,12347
images-15965.png,12348
images-15966.png,12349
images-15967.png,12350
images-15968.png,12351
images-15969.png,12352
images-15970.png,12353
images-15971.png,12354
images-15972.png,12355
images-15973.png,12356
images-15974.png,12357
images-15975.png,12358
images-15976.png,12359
images-15977.png,12360
images-15978.png,12361
images-15979.png,12362
images-15980.png,12363
images-15981.png,12364
images-15982.png,12365
images-15983.png,12366
images-15984.png,12367
images-15985.png,12368
images-15986.png,12369
images-15987.png,12370
images-15988.png,12371
images-15989.png,12372
images-15990.png,12373
images-15991.png,12374
images-15992.png,12375
images-15993.png,12376
images-15994.png,12377
images-15995.png,12378
images-15996.png,12379
images-15997.png,12380
images-15998.png,12381
images-15999.png,12382
images-16000.png,12383
images-16001.png,12384
images-16002.png,12385
images-16003.png,12386
images-16004.png,12387
images-16005.png,12388
images-16006.png,12389
images-16007.png,12390
images-16008.png,12391
images-16009.png,12392
images-16010.png,12393
images-16011.png,12394
images-16012.png,12395
images-16013.png,12396
images-16014.png,12397
images-16015.png,12398
images-16016.png,12399
images-16017.png,12400
images-16018.png,12401
images-16019.png,12402
images-16020.png,12403
images-16021.png,12404
images-16022.png,12405
images-16023.png,12406
images-16024.png,12407
images-16025.png,12408
images-16026.png,12409
images-16027.png,12410
images-16028.png,12411
images-16029.png,12412
images-16030.png,12413
images-16031.png,12414
images-16032.png,12415
images-16033.png,12416
images-16034.png,12417
images-16035.png,12418
images-16036.png,12419
images-16037.png,12420
images-16038.png,12421
images-16039.png,12422
images-16040.png,12423
images-16041.png,12424
images-16042.png,12425
images-16043.png,12426
images-16044.png,12427
images-16045.png,12428
images-16046.png,12429
images-16047.png,12430
images-16048.png,12431
images-16049.png,12432
images-16050.png,12433
images-16051.png,12434
images-16052.png,12435
images-16053.png,12436
images-16054.png,12437
images-16055.png,12438
images-16056.png,12439
images-16057.png,12440
images-16058.png,12441
images-16059.png,12442
images-16060.png,12443
images-16061.png,12444
images-16062.png,12445
images-16063.png,12446
images-16064.png,12447
images-16065.png,12448
images-16066.png,12449
images-16067.png,12450
images-16068.png,12451
images-16069.png,12452
images-16070.png,12453
images-16071.png,12454
images-16072.png,12455
images-16073.png,12456
images-16074.png,12457
images-16075.png,12458
images-16076.png,12459
images-16077.png,12460
images-16078.png,12461
images-16079.png,12462
images-16080.png,12463
images-16081.png,12464
images-16082.png,12465
images-16083.png,12466
images-16084.png,12467
images-16085.png,12468
images-16086.png,12469
images-16087.png,12470
images-16088.png,12471
images-16089.png,12472
images-16090.png,12473
images-16091.png,12474
images-16092.png,12475
images-16093.png,12476
images-16094.png,12477
images-16095.png,12478
images-16096.png,12479
images-16097.png,12480
images-16098.png,12481
images-16099.png,12482
images-16100.png,12483
images-16101.png,12484
images-16102.png,12485
images-16103.png,12486
images-16104.png,12487
images-16105.png,12488
images-16106.png,12489
images-16107.png,12490
images-16108.png,12491
images-16109.png,12492
images-16110.png,12493
images-16111.png,12494
images-16112.png,12495
images-16113.png,12496
images-16114.png,12497
images-16115.png,12498
images-16116.png,12499
images-16117.png,12500
images-16118.png,12501
images-16119.png,12502
images-16120.png,12503
images-16121.png,12504
images-16122.png,12505
images-16123.png,12506
images-16124.png,12507
images-16125.png,12508
images-16126.png,12509
images-16127.png,12510
images-16128.png,12511
images-16129.png,12512
images-16130.png,12513
images-16131.png,12514
images-16132.png,12515
images-16133.png,12516
images-16134.png,12517
images-16135.png,12518
images-16136.png,12519
images-16137.png,12520
images-16138.png,12521
images-16139.png,12522
images-16140.png,12523
images-16141.png,12524
images-16142.png,12525
images-16143.png,12526
images-16144.png,12527
images-16145.png,12528
images-16146.png,12529
images-16147.png,12530
images-16148.png,12531
images-16149.png,12532
images-16150.png,12533
images-16151.png,12534
images-16152.png,12535
images-16153.png,12536
images-16154.png,12537
images-16155.png,12538
images-16156.png,12539
images-16157.png,12540
images-16158.png,12541
images-16159.png,12542
images-16160.png,12543
images-16161.png,12544
images-16162.png,12545
images-16163.png,12546
images-16164.png,12547
images-16165.png,12548
images-16166.png,12549
images-16167.png,12550
images-16168.png,12551
images-16169.png,12552
images-16170.png,12553
images-16171.png,12554
images-16172.png,12555
images-16173.png,12556
images-16174.png,12557
images-16175.png,12558
images-16176.png,12559
images-16177.png,12560
images-16178.png,12561
images-16179.png,12562
images-16180.png,12563
images-16181.png,12564
images-16182.png,12565
images-16183.png,12566
images-16184.png,12567
images-16185.png,12568
images-16186.png,12569
images-16187.png,12570
images-16188.png,12571
images-16189.png,12572
images-16190.png,12573
images-16191.png,12574
images-16192.png,12575
images-16193.png,12576
images-16194.png,12577
images-16195.png,12578
images-16196.png,12579
images-16197.png,12580
images-16198.png,12581
images-16199.png,12582
images-16200.png,12583
images-16201.png,12584
images-16202.png,12585
images-16206.png,12586
images-16207.png,12587
images-16208.png,12588
images-16209.png,12589
images-16210.png,12590
images-16211.png,12591
images-16212.png,12592
images-16213.png,12593
images-16214.png,12594
images-16215.png,12595
images-16216.png,12596
images-16217.png,12597
images-16218.png,12598
images-16219.png,12599
images-16220.png,12600
images-16221.png,12601
images-16222.png,12602
images-16223.png,12603
images-16224.png,12604
images-16225.png,12605
images-16226.png,12606
images-16227.png,12607
images-16228.png,12608
images-16229.png,12609
images-16230.png,12610
images-16231.png,12611
images-16232.png,12612
images-16233.png,12613
images-16234.png,12614
images-16235.png,12615
images-16236.png,12616
images-16237.png,12617
images-16238.png,12618
images-16239.png,12619
images-16240.png,12620
images-16241.png,12621
images-16242.png,12622
images-16243.png,12623
images-16244.png,12624
images-16245.png,12625
images-16246.png,12626
images-16247.png,12627
images-16248.png,12628
images-16249.png,12629
images-16250.png,12630
images-16251.png,12631
images-16252.png,12632
images-16253.png,12633
images-16254.png,12634
images-16255.png,12635
images-16256.png,12636
images-16257.png,12637
images-16258.png,12638
images-16259.png,12639
images-16260.png,12640
images-16261.png,12641
images-16262.png,12642
images-16263.png,12643
images-16264.png,12644
images-16265.png,12645
images-16266.png,12646
images-16267.png,12647
images-16268.png,12648
images-16269.png,12649
images-16270.png,12650
images-16271.png,12651
images-16272.png,12652
images-16273.png,12653
images-16274.png,12654
images-16275.png,12655
images-16276.png,12656
images-16277.png,12657
images-16278.png,12658
images-16279.png,12659
images-16280.png,12660
images-16281.png,12661
images-16282.png,12662
images-16283.png,12663
images-16284.png,12664
images-16285.png,12665
images-16286.png,12666
images-16287.png,12667
images-16288.png,12668
images-16289.png,12669
images-16290.png,12670
images-16291.png,12671
images-16292.png,12672
images-16293.png,12673
images-16294.png,12674
images-16295.png,12675
images-16296.png,12676
images-16297.png,12677
images-16298.png,12678
images-16299.png,12679
images-16300.png,12680
images-16301.png,12681
images-16302.png,12682
images-16303.png,12683
images-16304.png,12684
images-16305.png,12685
images-16306.png,12686
images-16307.png,12687
images-16308.png,12688
images-16309.png,12689
images-16310.png,12690
images-16311.png,12691
images-16312.png,12692
images-16313.png,12693
images-16314.png,12694
images-16315.png,12695
images-16316.png,12696
images-16317.png,12697
images-16318.png,12698
images-16319.png,12699
images-16320.png,12700
images-16321.png,12701
images-16322.png,12702
images-16323.png,12703
images-16324.png,12704
images-16325.png,12705
images-16326.png,12706
images-16327.png,12707
images-16328.png,12708
images-16329.png,12709
images-16330.png,12710
images-16331.png,12711
images-16332.png,12712
images-16333.png,12713
images-16334.png,12714
images-16335.png,12715
images-16336.png,12716
images-16337.png,12717
images-16338.png,12718
images-16339.png,12719
images-16340.png,12720
images-16341.png,12721
images-16342.png,12722
images-16343.png,12723
images-16344.png,12724
images-16345.png,12725
images-16346.png,12726
images-16347.png,12727
images-16348.png,12728
images-16349.png,12729
images-16350.png,12730
images-16351.png,12731
images-16352.png,12732
images-16353.png,12733
images-16354.png,12734
images-16355.png,12735
images-16356.png,12736
images-16357.png,12737
images-16358.png,12738
images-16359.png,12739
images-16360.png,12740
images-16361.png,12741
images-16362.png,12742
images-16363.png,12743
images-16364.png,12744
images-16365.png,12745
images-16366.png,12746
images-16367.png,12747
images-16368.png,12748
images-16369.png,12749
images-16370.png,12750
images-16371.png,12751
images-16372.png,12752
images-16373.png,12753
images-16374.png,12754
images-16375.png,12755
images-16376.png,12756
images-16377.png,12757
images-16378.png,12758
images-16379.png,12759
images-16380.png,12760
images-16381.png,12761
images-16382.png,12762
images-16383.png,12763
images-16384.png,12764
images-16385.png,12765
images-16386.png,12766
images-16387.png,12767
images-16388.png,12768
images-16389.png,12769
images-16390.png,12770
images-16391.png,12771
images-16392.png,12772
images-16393.png,12773
images-16394.png,12774
images-16395.png,12775
images-16396.png,12776
images-16397.png,12777
images-16398.png,12778
images-16399.png,12779
images-16400.png,12780
images-16401.png,12781
images-16402.png,12782
images-16403.png,12783
images-16404.png,12784
images-16405.png,12785
images-16406.png,12786
images-16407.png,12787
images-16408.png,12788
images-16409.png,12789
images-16410.png,12790
images-16411.png,12791
images-16412.png,12792
images-16413.png,12793
images-16414.png,12794
images-16415.png,12795
images-16416.png,12796
images-16417.png,12797
images-16418.png,12798
images-16419.png,12799
images-16420.png,12800
images-16421.png,12801
images-16422.png,12802
images-16423.png,12803
images-16424.png,12804
images-16425.png,12805
images-16426.png,12806
images-16427.png,12807
images-16428.png,12808
images-16429.png,12809
images-16430.png,12810
images-16431.png,12811
images-16432.png,12812
images-16433.png,12813
images-16434.png,12814
images-16435.png,12815
images-16436.png,12816
images-16437.png,12817
images-16438.png,12818
images-16439.png,12819
images-16440.png,12820
images-16441.png,12821
images-16442.png,12822
images-16443.png,12823
images-16444.png,12824
images-16445.png,12825
images-16446.png,12826
images-16447.png,12827
images-16448.png,12828
images-16449.png,12829
images-16450.png,12830
images-16451.png,12831
images-16452.png,12832
images-16453.png,12833
images-16454.png,12834
images-16455.png,12835
images-16456.png,12836
images-16457.png,12837
images-16458.png,12838
images-16459.png,12839
images-16460.png,12840
images-16461.png,12841
images-16462.png,12842
images-16463.png,12843
images-16464.png,12844
images-16465.png,12845
images-16466.png,12846
images-16467.png,12847
images-16468.png,12848
images-16469.png,12849
images-16470.png,12850
images-16471.png,12851
images-16484.png,12852
images-16485.png,12853
images-16486.png,12854
images-16487.png,12855
images-16488.png,12856
images-16489.png,12857
images-16490.png,12858
images-16491.png,12859
images-16492.png,12860
images-16493.png,12861
images-16494.png,12862
images-16495.png,12863
images-16496.png,12864
images-16497.png,12865
images-16498.png,12866
images-16499.png,12867
images-16500.png,12868
images-16501.png,12869
images-16502.png,12870
images-16503.png,12871
images-16504.png,12872
images-16505.png,12873
images-16506.png,12874
images-16507.png,12875
images-16508.png,12876
images-16509.png,12877
images-16510.png,12878
images-16511.png,12879
images-16512.png,12880
images-16513.png,12881
images-16514.png,12882
images-16515.png,12883
images-16516.png,12884
images-16517.png,12885
images-16518.png,12886
images-16519.png,12887
images-16520.png,12888
images-16521.png,12889
images-16522.png,12890
images-16523.png,12891
images-16524.png,12892
images-16525.png,12893
images-16526.png,12894
images-16527.png,12895
images-16528.png,12896
images-16529.png,12897
images-16530.png,12898
images-16531.png,12899
images-16532.png,12900
images-16533.png,12901
images-16534.png,12902
images-16535.png,12903
images-16536.png,12904
images-16537.png,12905
images-16538.png,12906
images-16539.png,12907
images-16540.png,12908
images-16541.png,12909
images-16542.png,12910
images-16543.png,12911
images-16544.png,12912
images-16545.png,12913
images-16546.png,12914
images-16547.png,12915
images-16548.png,12916
images-16549.png,12917
images-16550.png,12918
images-16551.png,12919
images-16552.png,12920
images-16553.png,12921
images-16554.png,12922
images-16555.png,12923
images-16556.png,12924
images-16557.png,12925
images-16558.png,12926
images-16559.png,12927
images-16560.png,12928
images-16561.png,12929
images-16562.png,12930
images-16563.png,12931
images-16564.png,12932
images-16565.png,12933
images-16566.png,12934
images-16567.png,12935
images-16568.png,12936
images-16569.png,12937
images-16570.png,12938
images-16571.png,12939
images-16572.png,12940
images-16573.png,12941
images-16574.png,12942
images-16575.png,12943
images-16576.png,12944
images-16577.png,12945
images-16578.png,12946
images-16579.png,12947
images-16580.png,12948
images-16581.png,12949
images-16582.png,12950
images-16583.png,12951
images-16584.png,12952
images-16585.png,12953
images-16586.png,12954
images-16587.png,12955
images-16588.png,12956
images-16589.png,12957
images-16590.png,12958
images-16591.png,12959
images-16592.png,12960
images-16593.png,12961
images-16594.png,12962
images-16595.png,12963
images-16596.png,12964
images-16597.png,12965
images-16598.png,12966
images-16599.png,12967
images-16600.png,12968
images-16601.png,12969
images-16602.png,12970
images-16603.png,12971
images-16604.png,12972
images-16605.png,12973
images-16606.png,12974
images-16607.png,12975
images-16608.png,12976
images-16609.png,12977
images-16610.png,12978
images-16611.png,12979
images-16612.png,12980
images-16613.png,12981
images-16614.png,12982
images-16615.png,12983
images-16616.png,12984
images-16617.png,12985
images-16618.png,12986
images-16619.png,12987
images-16620.png,12988
images-16621.png,12989
images-16622.png,12990
images-16623.png,12991
images-16624.png,12992
images-16625.png,12993
images-16626.png,12994
images-16627.png,12995
images-16628.png,12996
images-16629.png,12997
images-16630.png,12998
images-16631.png,12999
images-16632.png,13000
images-16633.png,13001
images-16634.png,13002
images-16635.png,13003
images-16636.png,13004
images-16637.png,13005
images-16638.png,13006
images-16639.png,13007
images-16640.png,13008
images-16641.png,13009
images-16642.png,13010
images-16643.png,13011
images-16644.png,13012
images-16645.png,13013
images-16646.png,13014
images-16647.png,13015
images-16648.png,13016
images-16649.png,13017
images-16650.png,13018
images-16651.png,13019
images-16652.png,13020
images-16653.png,13021
images-16654.png,13022
images-16655.png,13023
images-16656.png,13024
images-16657.png,13025
images-16658.png,13026
images-16659.png,13027
images-16660.png,13028
images-16661.png,13029
images-16662.png,13030
images-16663.png,13031
images-16664.png,13032
images-16665.png,13033
images-16666.png,13034
images-16667.png,13035
images-16668.png,13036
images-16669.png,13037
images-16670.png,13038
images-16671.png,13039
images-16672.png,13040
images-16673.png,13041
images-16674.png,13042
images-16675.png,13043
images-16676.png,13044
images-16677.png,13045
images-16678.png,13046
images-16679.png,13047
images-16680.png,13048
images-16681.png,13049
images-16682.png,13050
images-16683.png,13051
images-16684.png,13052
images-16685.png,13053
images-16686.png,13054
images-16687.png,13055
images-16688.png,13056
images-16689.png,13057
images-16695.png,13058
images-16696.png,13059
images-16697.png,13060
images-16698.png,13061
images-16699.png,13062
images-16700.png,13063
images-16701.png,13064
images-16702.png,13065
images-16703.png,13066
images-16704.png,13067
images-16705.png,13068
images-16706.png,13069
images-16707.png,13070
images-16708.png,13071
images-16709.png,13072
images-16710.png,13073
images-16711.png,13074
images-16712.png,13075
images-16713.png,13076
images-16714.png,13077
images-16715.png,13078
images-16716.png,13079
images-16717.png,13080
images-16718.png,13081
images-16719.png,13082
images-16720.png,13083
images-16721.png,13084
images-16722.png,13085
images-16723.png,13086
images-16724.png,13087
images-16725.png,13088
images-16726.png,13089
images-16727.png,13090
images-16728.png,13091
images-16729.png,13092
images-16730.png,13093
images-16731.png,13094
images-16732.png,13095
images-16733.png,13096
images-16734.png,13097
images-16735.png,13098
images-16736.png,13099
images-16737.png,13100
images-16738.png,13101
images-16739.png,13102
images-16740.png,13103
images-16741.png,13104
images-16742.png,13105
images-16743.png,13106
images-16744.png,13107
images-16745.png,13108
images-16746.png,13109
images-16747.png,13110
images-16748.png,13111
images-16749.png,13112
images-16750.png,13113
images-16751.png,13114
images-16752.png,13115
images-16753.png,13116
images-16754.png,13117
images-16755.png,13118
images-16756.png,13119
images-16757.png,13120
images-16758.png,13121
images-16759.png,13122
images-16760.png,13123
images-16761.png,13124
images-16762.png,13125
images-16763.png,13126
images-16764.png,13127
images-16765.png,13128
images-16766.png,13129
images-16767.png,13130
images-16768.png,13131
images-16769.png,13132
images-16770.png,13133
images-16771.png,13134
images-16772.png,13135
images-16773.png,13136
images-16774.png,13137
images-16775.png,13138
images-16776.png,13139
images-16777.png,13140
images-16778.png,13141
images-16779.png,13142
images-16780.png,13143
images-16781.png,13144
images-16782.png,13145
images-16783.png,13146
images-16784.png,13147
images-16785.png,13148
images-16786.png,13149
images-16787.png,13150
images-16788.png,13151
images-16789.png,13152
images-16790.png,13153
images-16791.png,13154
images-16792.png,13155
images-16793.png,13156
images-16794.png,13157
images-16795.png,13158
images-16796.png,13159
images-16797.png,13160
images-16798.png,13161
images-16799.png,13162
images-16800.png,13163
images-16801.png,13164
images-16802.png,13165
images-16803.png,13166
images-16804.png,13167
images-16805.png,13168
images-16806.png,13169
images-16807.png,13170
images-16808.png,13171
images-16809.png,13172
images-16810.png,13173
images-16811.png,13174
images-16812.png,13175
images-16813.png,13176
images-16814.png,13177
images-16815.png,13178
images-16816.png,13179
images-16817.png,13180
images-16818.png,13181
images-16819.png,13182
images-16820.png,13183
images-16821.png,13184
images-16822.png,13185
images-16823.png,13186
images-16824.png,13187
images-16825.png,13188
images-16826.png,13189
images-16827.png,13190
images-16828.png,13191
images-16829.png,13192
images-16830.png,13193
images-16831.png,13194
images-16832.png,13195
images-16833.png,13196
images-16834.png,13197
images-16835.png,13198
images-16836.png,13199
images-16837.png,13200
images-16838.png,13201
images-16839.png,13202
images-16840.png,13203
images-16841.png,13204
images-16842.png,13205
images-16843.png,13206
images-16844.png,13207
images-16845.png,13208
images-16846.png,13209
images-16847.png,13210
images-16848.png,13211
images-16849.png,13212
images-16850.png,13213
images-16851.png,13214
images-16852.png,13215
images-16853.png,13216
images-16854.png,13217
images-16855.png,13218
images-16856.png,13219
images-16857.png,13220
images-16858.png,13221
images-16859.png,13222
images-16860.png,13223
images-16861.png,13224
images-16862.png,13225
images-16863.png,13226
images-16864.png,13227
images-16865.png,13228
images-16866.png,13229
images-16867.png,13230
images-16868.png,13231
images-16869.png,13232
images-16870.png,13233
images-16871.png,13234
images-16872.png,13235
images-16873.png,13236
images-16874.png,13237
images-16875.png,13238
images-16876.png,13239
images-16877.png,13240
images-16878.png,13241
images-16879.png,13242
images-16880.png,13243
images-16881.png,13244
images-16882.png,13245
images-16883.png,13246
images-16884.png,13247
images-16885.png,13248
images-16886.png,13249
images-16887.png,13250
images-16888.png,13251
images-16889.png,13252
images-16890.png,13253
images-16891.png,13254
images-16892.png,13255
images-16893.png,13256
images-16894.png,13257
images-16895.png,13258
images-16896.png,13259
images-16897.png,13260
images-16898.png,13261
images-16899.png,13262
images-16900.png,13263
images-16901.png,13264
images-16902.png,13265
images-16903.png,13266
images-16904.png,13267
images-16905.png,13268
images-16906.png,13269
images-16907.png,13270
images-16908.png,13271
images-16909.png,13272
images-16910.png,13273
images-16911.png,13274
images-16912.png,13275
images-16913.png,13276
images-16914.png,13277
images-16915.png,13278
images-16916.png,13279
images-16917.png,13280
images-16918.png,13281
images-16919.png,13282
images-16920.png,13283
images-16921.png,13284
images-16922.png,13285
images-16923.png,13286
images-16924.png,13287
images-16925.png,13288
images-16926.png,13289
images-16927.png,13290
images-16928.png,13291
images-16929.png,13292
images-16930.png,13293
images-16931.png,13294
images-16932.png,13295
images-16936.png,13296
images-16937.png,13297
images-16938.png,13298
images-16939.png,13299
images-16940.png,13300
images-16941.png,13301
images-16942.png,13302
images-16943.png,13303
images-16944.png,13304
images-16945.png,13305
images-16946.png,13306
images-16947.png,13307
images-16948.png,13308
images-16949.png,13309
images-16950.png,13310
images-16951.png,13311
images-16952.png,13312
images-16953.png,13313
images-16954.png,13314
images-16955.png,13315
images-16956.png,13316
images-16957.png,13317
images-16958.png,13318
images-16959.png,13319
images-16960.png,13320
images-16961.png,13321
images-16962.png,13322
images-16963.png,13323
images-16964.png,13324
images-16965.png,13325
images-16966.png,13326
images-16967.png,13327
images-16968.png,13328
images-16969.png,13329
images-16970.png,13330
images-16971.png,13331
images-16972.png,13332
images-16973.png,13333
images-16974.png,13334
images-16975.png,13335
images-16976.png,13336
images-16977.png,13337
images-16978.png,13338
images-16979.png,13339
images-16980.png,13340
images-16981.png,13341
images-16982.png,13342
images-16983.png,13343
images-16984.png,13344
images-16985.png,13345
images-16986.png,13346
images-16987.png,13347
images-16988.png,13348
images-16989.png,13349
images-16990.png,13350
images-16991.png,13351
images-16992.png,13352
images-16993.png,13353
images-16994.png,13354
images-16995.png,13355
images-16996.png,13356
images-16997.png,13357
images-16998.png,13358
images-16999.png,13359
images-17000.png,13360
images-17001.png,13361
images-17002.png,13362
images-17003.png,13363
images-17004.png,13364
images-17005.png,13365
images-17006.png,13366
images-17007.png,13367
images-17008.png,13368
images-17009.png,13369
images-17010.png,13370
images-17011.png,13371
images-17012.png,13372
images-17013.png,13373
images-17014.png,13374
images-17015.png,13375
images-17016.png,13376
images-17017.png,13377
images-17018.png,13378
images-17019.png,13379
images-17020.png,13380
images-17021.png,13381
images-17022.png,13382
images-17023.png,13383
images-17024.png,13384
images-17025.png,13385
images-17026.png,13386
images-17027.png,13387
images-17028.png,13388
images-17029.png,13389
images-17030.png,13390
images-17031.png,13391
images-17032.png,13392
images-17033.png,13393
images-17034.png,13394
images-17035.png,13395
images-17036.png,13396
images-17037.png,13397
images-17038.png,13398
images-17039.png,13399
images-17040.png,13400
images-17041.png,13401
images-17042.png,13402
images-17043.png,13403
images-17044.png,13404
images-17045.png,13405
images-17046.png,13406
images-17047.png,13407
images-17048.png,13408
images-17049.png,13409
images-17050.png,13410
images-17051.png,13411
images-17052.png,13412
images-17053.png,13413
images-17068.png,13414
images-17069.png,13415
images-17070.png,13416
images-17071.png,13417
images-17072.png,13418
images-17073.png,13419
images-17074.png,13420
images-17075.png,13421
images-17076.png,13422
images-17077.png,13423
images-17078.png,13424
images-17079.png,13425
images-17080.png,13426
images-17081.png,13427
images-17082.png,13428
images-17083.png,13429
images-17084.png,13430
images-17085.png,13431
images-17086.png,13432
images-17087.png,13433
images-17088.png,13434
images-17089.png,13435
images-17090.png,13436
images-17091.png,13437
images-17092.png,13438
images-17093.png,13439
images-17094.png,13440
images-17095.png,13441
images-17096.png,13442
images-17097.png,13443
images-17098.png,13444
images-17099.png,13445
images-17100.png,13446
images-17101.png,13447
images-17102.png,13448
images-17103.png,13449
images-17104.png,13450
images-17105.png,13451
images-17106.png,13452
images-17107.png,13453
images-17108.png,13454
images-17109.png,13455
images-17110.png,13456
images-17111.png,13457
images-17112.png,13458
images-17113.png,13459
images-17114.png,13460
images-17115.png,13461
images-17116.png,13462
images-17117.png,13463
images-17118.png,13464
images-17119.png,13465
images-17120.png,13466
images-17121.png,13467
images-17122.png,13468
images-17123.png,13469
images-17124.png,13470
images-17125.png,13471
images-17126.png,13472
images-17127.png,13473
images-17128.png,13474
images-17129.png,13475
images-17130.png,13476
images-17131.png,13477
images-17132.png,13478
images-17133.png,13479
images-17134.png,13480
images-17135.png,13481
images-17136.png,13482
images-17137.png,13483
images-17138.png,13484
images-17139.png,13485
images-17140.png,13486
images-17141.png,13487
images-17142.png,13488
images-17143.png,13489
images-17144.png,13490
images-17145.png,13491
images-17146.png,13492
images-17147.png,13493
images-17148.png,13494
images-17149.png,13495
images-17150.png,13496
images-17151.png,13497
images-17152.png,13498
images-17153.png,13499
images-17154.png,13500
images-17155.png,13501
images-17156.png,13502
images-17157.png,13503
images-17158.png,13504
images-17159.png,13505
images-17160.png,13506
images-17161.png,13507
images-17162.png,13508
images-17163.png,13509
images-17164.png,13510
images-17165.png,13511
images-17166.png,13512
images-17167.png,13513
images-17168.png,13514
images-17169.png,13515
images-17170.png,13516
images-17171.png,13517
images-17172.png,13518
images-17173.png,13519
images-17174.png,13520
images-17175.png,13521
images-17176.png,13522
images-17183.png,13523
images-17184.png,13524
images-17185.png,13525
images-17186.png,13526
images-17187.png,13527
images-17188.png,13528
images-17189.png,13529
images-17190.png,13530
images-17191.png,13531
images-17192.png,13532
images-17193.png,13533
images-17194.png,13534
images-17195.png,13535
images-17196.png,13536
images-17197.png,13537
images-17198.png,13538
images-17199.png,13539
images-17200.png,13540
images-17201.png,13541
images-17202.png,13542
images-17203.png,13543
images-17204.png,13544
images-17205.png,13545
images-17206.png,13546
images-17207.png,13547
images-17208.png,13548
images-17209.png,13549
images-17210.png,13550
images-17211.png,13551
images-17212.png,13552
images-17213.png,13553
images-17214.png,13554
images-17215.png,13555
images-17216.png,13556
images-17217.png,13557
images-17218.png,13558
images-17219.png,13559
images-17220.png,13560
images-17221.png,13561
images-17222.png,13562
images-17223.png,13563
images-17224.png,13564
images-17225.png,13565
images-17226.png,13566
images-17227.png,13567
images-17228.png,13568
images-17229.png,13569
images-17230.png,13570
images-17231.png,13571
images-17232.png,13572
images-17233.png,13573
images-17234.png,13574
images-17235.png,13575
images-17236.png,13576
images-17237.png,13577
images-17238.png,13578
images-17239.png,13579
images-17240.png,13580
images-17241.png,13581
images-17242.png,13582
images-17243.png,13583
images-17244.png,13584
images-17245.png,13585
images-17246.png,13586
images-17247.png,13587
images-17248.png,13588
images-17249.png,13589
images-17250.png,13590
images-17251.png,13591
images-17252.png,13592
images-17253.png,13593
images-17254.png,13594
images-17255.png,13595
images-17256.png,13596
images-17257.png,13597
images-17258.png,13598
images-17259.png,13599
images-17260.png,13600
images-17261.png,13601
images-17262.png,13602
images-17263.png,13603
images-17264.png,13604
images-17265.png,13605
images-17266.png,13606
images-17267.png,13607
images-17268.png,13608
images-17269.png,13609
images-17270.png,13610
images-17271.png,13611
images-17272.png,13612
images-17273.png,13613
images-17274.png,13614
images-17275.png,13615
images-17276.png,13616
images-17277.png,13617
images-17278.png,13618
images-17279.png,13619
images-17280.png,13620
images-17281.png,13621
images-17282.png,13622
images-17283.png,13623
images-17284.png,13624
images-17285.png,13625
images-17286.png,13626
images-17287.png,13627
images-17288.png,13628
images-17289.png,13629
images-17290.png,13630
images-17291.png,13631
images-17292.png,13632
images-17293.png,13633
images-17294.png,13634
images-17295.png,13635
images-17296.png,13636
images-17297.png,13637
images-17298.png,13638
images-17299.png,13639
images-17300.png,13640
images-17301.png,13641
images-17302.png,13642
images-17303.png,13643
images-17304.png,13644
images-17305.png,13645
images-17306.png,13646
images-17307.png,13647
images-17308.png,13648
images-17309.png,13649
images-17310.png,13650
images-17311.png,13651
images-17312.png,13652
images-17313.png,13653
images-17314.png,13654
images-17315.png,13655
images-17316.png,13656
images-17317.png,13657
images-17318.png,13658
images-17319.png,13659
images-17320.png,13660
images-17321.png,13661
images-17322.png,13662
images-17323.png,13663
images-17324.png,13664
images-17325.png,13665
images-17326.png,13666
images-17327.png,13667
images-17328.png,13668
images-17329.png,13669
images-17330.png,13670
images-17331.png,13671
images-17332.png,13672
images-17333.png,13673
images-17334.png,13674
images-17335.png,13675
images-17336.png,13676
images-17337.png,13677
images-17338.png,13678
images-17339.png,13679
images-17340.png,13680
images-17341.png,13681
images-17342.png,13682
images-17343.png,13683
images-17344.png,13684
images-17345.png,13685
images-17346.png,13686
images-17347.png,13687
images-17348.png,13688
images-17349.png,13689
images-17350.png,13690
images-17351.png,13691
images-17352.png,13692
images-17353.png,13693
images-17354.png,13694
images-17355.png,13695
images-17356.png,13696
images-17357.png,13697
images-17358.png,13698
images-17359.png,13699
images-17360.png,13700
images-17361.png,13701
images-17362.png,13702
images-17363.png,13703
images-17364.png,13704
images-17365.png,13705
images-17366.png,13706
images-17367.png,13707
images-17368.png,13708
images-17369.png,13709
images-17370.png,13710
images-17371.png,13711
images-17372.png,13712
images-17373.png,13713
images-17374.png,13714
images-17375.png,13715
images-17376.png,13716
images-17377.png,13717
images-17378.png,13718
images-17379.png,13719
images-17380.png,13720
images-17381.png,13721
images-17382.png,13722
images-17383.png,13723
images-17384.png,13724
images-17385.png,13725
images-17386.png,13726
images-17387.png,13727
images-17388.png,13728
images-17389.png,13729
images-17390.png,13730
images-17391.png,13731
images-17392.png,13732
images-17393.png,13733
images-17394.png,13734
images-17395.png,13735
images-17396.png,13736
images-17397.png,13737
images-17398.png,13738
images-17399.png,13739
images-17400.png,13740
images-17401.png,13741
images-17402.png,13742
images-17403.png,13743
images-17404.png,13744
images-17405.png,13745
images-17406.png,13746
images-17407.png,13747
images-17408.png,13748
images-17409.png,13749
images-17410.png,13750
images-17411.png,13751
images-17412.png,13752
images-17413.png,13753
images-17414.png,13754
images-17415.png,13755
images-17416.png,13756
images-17417.png,13757
images-17418.png,13758
images-17419.png,13759
images-17420.png,13760
images-17421.png,13761
images-17422.png,13762
images-17423.png,13763
images-17424.png,13764
images-17425.png,13765
images-17426.png,13766
images-17427.png,13767
images-17428.png,13768
images-17429.png,13769
images-17430.png,13770
images-17431.png,13771
images-17432.png,13772
images-17433.png,13773
images-17434.png,13774
images-17435.png,13775
images-17436.png,13776
images-17437.png,13777
images-17438.png,13778
images-17439.png,13779
images-17440.png,13780
images-17441.png,13781
images-17442.png,13782
images-17443.png,13783
images-17444.png,13784
images-17445.png,13785
images-17446.png,13786
images-17447.png,13787
images-17448.png,13788
images-17449.png,13789
images-17450.png,13790
images-17451.png,13791
images-17452.png,13792
images-17453.png,13793
images-17454.png,13794
images-17455.png,13795
images-17456.png,13796
images-17457.png,13797
images-17458.png,13798
images-17459.png,13799
images-17460.png,13800
images-17461.png,13801
images-17462.png,13802
images-17463.png,13803
images-17464.png,13804
images-17465.png,13805
images-17466.png,13806
images-17467.png,13807
images-17468.png,13808
images-17469.png,13809
images-17470.png,13810
images-17471.png,13811
images-17472.png,13812
images-17473.png,13813
images-17474.png,13814
images-17475.png,13815
images-17476.png,13816
images-17477.png,13817
images-17478.png,13818
images-17479.png,13819
images-17480.png,13820
images-17481.png,13821
images-17482.png,13822
images-17483.png,13823
images-17484.png,13824
images-17485.png,13825
images-17486.png,13826
images-17487.png,13827
images-17488.png,13828
images-17489.png,13829
images-17490.png,13830
images-17491.png,13831
images-17492.png,13832
images-17493.png,13833
images-17494.png,13834
images-17495.png,13835
images-17496.png,13836
images-17497.png,13837
images-17498.png,13838
images-17499.png,13839
images-17500.png,13840
images-17501.png,13841
images-17502.png,13842
images-17503.png,13843
images-17504.png,13844
images-17505.png,13845
images-17506.png,13846
images-17507.png,13847
images-17508.png,13848
images-17509.png,13849
images-17510.png,13850
images-17511.png,13851
images-17512.png,13852
images-17513.png,13853
images-17514.png,13854
images-17515.png,13855
images-17516.png,13856
images-17517.png,13857
images-17518.png,13858
images-17519.png,13859
images-17520.png,13860
images-17521.png,13861
images-17522.png,13862
images-17523.png,13863
images-17524.png,13864
images-17525.png,13865
images-17526.png,13866
images-17527.png,13867
images-17528.png,13868
images-17529.png,13869
images-17530.png,13870
images-17531.png,13871
images-17532.png,13872
images-17533.png,13873
images-17534.png,13874
images-17535.png,13875
images-17536.png,13876
images-17537.png,13877
images-17538.png,13878
images-17539.png,13879
images-17540.png,13880
images-17541.png,13881
images-17542.png,13882
images-17543.png,13883
images-17544.png,13884
images-17545.png,13885
images-17546.png,13886
images-17547.png,13887
images-17548.png,13888
images-17549.png,13889
images-17550.png,13890
images-17551.png,13891
images-17552.png,13892
images-17553.png,13893
images-17554.png,13894
images-17555.png,13895
images-17556.png,13896
images-17557.png,13897
images-17558.png,13898
images-17559.png,13899
images-17560.png,13900
images-17561.png,13901
images-17562.png,13902
images-17563.png,13903
images-17564.png,13904
images-17565.png,13905
images-17566.png,13906
images-17567.png,13907
images-17568.png,13908
images-17569.png,13909
images-17570.png,13910
images-17571.png,13911
images-17572.png,13912
images-17573.png,13913
images-17574.png,13914
images-17575.png,13915
images-17576.png,13916
images-17577.png,13917
images-17578.png,13918
images-17579.png,13919
images-17580.png,13920
images-17581.png,13921
images-17582.png,13922
images-17583.png,13923
images-17584.png,13924
images-17585.png,13925
images-17586.png,13926
images-17587.png,13927
images-17588.png,13928
images-17589.png,13929
images-17590.png,13930
images-17591.png,13931
images-17592.png,13932
images-17593.png,13933
images-17594.png,13934
images-17595.png,13935
images-17596.png,13936
images-17597.png,13937
images-17598.png,13938
images-17599.png,13939
images-17600.png,13940
images-17601.png,13941
images-17602.png,13942
images-17603.png,13943
images-17604.png,13944
images-17605.png,13945
images-17606.png,13946
images-17607.png,13947
images-17608.png,13948
images-17609.png,13949
images-17610.png,13950
images-17611.png,13951
images-17612.png,13952
images-17613.png,13953
images-17614.png,13954
images-17615.png,13955
images-17616.png,13956
images-17617.png,13957
images-17618.png,13958
images-17619.png,13959
images-17620.png,13960
images-17621.png,13961
images-17622.png,13962
images-17623.png,13963
images-17624.png,13964
images-17625.png,13965
images-17626.png,13966
images-17627.png,13967
images-17628.png,13968
images-17629.png,13969
images-17630.png,13970
images-17631.png,13971
images-17632.png,13972
images-17633.png,13973
images-17634.png,13974
images-17635.png,13975
images-17636.png,13976
images-17637.png,13977
images-17638.png,13978
images-17639.png,13979
images-17640.png,13980
images-17641.png,13981
images-17642.png,13982
images-17643.png,13983
images-17644.png,13984
images-17645.png,13985
images-17646.png,13986
images-17647.png,13987
images-17648.png,13988
images-17649.png,13989
images-17650.png,13990
images-17651.png,13991
images-17652.png,13992
images-17653.png,13993
images-17654.png,13994
images-17655.png,13995
images-17656.png,13996
images-17657.png,13997
images-17658.png,13998
images-17659.png,13999
images-17660.png,14000
images-17661.png,14001
images-17662.png,14002
images-17663.png,14003
images-17664.png,14004
images-17665.png,14005
images-17666.png,14006
images-17667.png,14007
images-17668.png,14008
images-17669.png,14009
images-17670.png,14010
images-17671.png,14011
images-17672.png,14012
images-17673.png,14013
images-17674.png,14014
images-17675.png,14015
images-17676.png,14016
images-17677.png,14017
images-17678.png,14018
images-17679.png,14019
images-17680.png,14020
images-17681.png,14021
images-17682.png,14022
images-17683.png,14023
images-17684.png,14024
images-17685.png,14025
images-17686.png,14026
images-17687.png,14027
images-17688.png,14028
images-17689.png,14029
images-17690.png,14030
images-17691.png,14031
images-17692.png,14032
images-17693.png,14033
images-17694.png,14034
images-17695.png,14035
images-17696.png,14036
images-17697.png,14037
images-17698.png,14038
images-17699.png,14039
images-17700.png,14040
images-17701.png,14041
images-17702.png,14042
images-17703.png,14043
images-17704.png,14044
images-17705.png,14045
images-17706.png,14046
images-17707.png,14047
images-17708.png,14048
images-17709.png,14049
images-17710.png,14050
images-17711.png,14051
images-17712.png,14052
images-17713.png,14053
images-17714.png,14054
images-17715.png,14055
images-17716.png,14056
images-17717.png,14057
images-17718.png,14058
images-17719.png,14059
images-17720.png,14060
images-17721.png,14061
images-17722.png,14062
images-17723.png,14063
images-17724.png,14064
images-17725.png,14065
images-17726.png,14066
images-17727.png,14067
images-17728.png,14068
images-17729.png,14069
images-17730.png,14070
images-17731.png,14071
images-17732.png,14072
images-17733.png,14073
images-17756.png,14074
images-17757.png,14075
images-17758.png,14076
images-17759.png,14077
images-17760.png,14078
images-17761.png,14079
images-17762.png,14080
images-17763.png,14081
images-17764.png,14082
images-17765.png,14083
images-17766.png,14084
images-17767.png,14085
images-17768.png,14086
images-17769.png,14087
images-17770.png,14088
images-17771.png,14089
images-17772.png,14090
images-17773.png,14091
images-17774.png,14092
images-17775.png,14093
images-17776.png,14094
images-17777.png,14095
images-17778.png,14096
images-17779.png,14097
images-17780.png,14098
images-17781.png,14099
images-17782.png,14100
images-17783.png,14101
images-17784.png,14102
images-17785.png,14103
images-17786.png,14104
images-17787.png,14105
images-17788.png,14106
images-17789.png,14107
images-17790.png,14108
images-17791.png,14109
images-17792.png,14110
images-17793.png,14111
images-17794.png,14112
images-17795.png,14113
images-17796.png,14114
images-17797.png,14115
images-17798.png,14116
images-17799.png,14117
images-17800.png,14118
images-17801.png,14119
images-17802.png,14120
images-17803.png,14121
images-17804.png,14122
images-17805.png,14123
images-17806.png,14124
images-17807.png,14125
images-17808.png,14126
images-17809.png,14127
images-17810.png,14128
images-17811.png,14129
images-17812.png,14130
images-17813.png,14131
images-17814.png,14132
images-17815.png,14133
images-17816.png,14134
images-17817.png,14135
images-17818.png,14136
images-17819.png,14137
images-17820.png,14138
images-17821.png,14139
images-17822.png,14140
images-17823.png,14141
images-17824.png,14142
images-17825.png,14143
images-17826.png,14144
images-17827.png,14145
images-17828.png,14146
images-17829.png,14147
images-17830.png,14148
images-17831.png,14149
images-17832.png,14150
images-17833.png,14151
images-17834.png,14152
images-17835.png,14153
images-17836.png,14154
images-17837.png,14155
images-17838.png,14156
images-17839.png,14157
images-17840.png,14158
images-17841.png,14159
images-17842.png,14160
images-17843.png,14161
images-17844.png,14162
images-17845.png,14163
images-17846.png,14164
images-17847.png,14165
images-17848.png,14166
images-17849.png,14167
images-17850.png,14168
images-17851.png,14169
images-17852.png,14170
images-17853.png,14171
images-17854.png,14172
images-17855.png,14173
images-17856.png,14174
images-17857.png,14175
images-17858.png,14176
images-17859.png,14177
images-17860.png,14178
images-17861.png,14179
images-17862.png,14180
images-17863.png,14181
images-17864.png,14182
images-17865.png,14183
images-17866.png,14184
images-17867.png,14185
images-17902.png,14186
images-17903.png,14187
images-17904.png,14188
images-17905.png,14189
images-17906.png,14190
images-17907.png,14191
images-17908.png,14192
images-17909.png,14193
images-17910.png,14194
images-17911.png,14195
images-17912.png,14196
images-17913.png,14197
images-17914.png,14198
images-17915.png,14199
images-17916.png,14200
images-17917.png,14201
images-17918.png,14202
images-17919.png,14203
images-17920.png,14204
images-17921.png,14205
images-17922.png,14206
images-17923.png,14207
images-17924.png,14208
images-17925.png,14209
images-17926.png,14210
images-17927.png,14211
images-17928.png,14212
images-17929.png,14213
images-17930.png,14214
images-17931.png,14215
images-17932.png,14216
images-17933.png,14217
images-17934.png,14218
images-17935.png,14219
images-17936.png,14220
images-17937.png,14221
images-17938.png,14222
images-17939.png,14223
images-17940.png,14224
images-17941.png,14225
images-17942.png,14226
images-17943.png,14227
images-17944.png,14228
images-17945.png,14229
images-17946.png,14230
images-17947.png,14231
images-17948.png,14232
images-17949.png,14233
images-17950.png,14234
images-17951.png,14235
images-17952.png,14236
images-17953.png,14237
images-17954.png,14238
images-17955.png,14239
images-17956.png,14240
images-17957.png,14241
images-17958.png,14242
images-17959.png,14243
images-17960.png,14244
images-17961.png,14245
images-17962.png,14246
images-17963.png,14247
images-17964.png,14248
images-17965.png,14249
images-17966.png,14250
images-17967.png,14251
images-17968.png,14252
images-17969.png,14253
images-17970.png,14254
images-17971.png,14255
images-17972.png,14256
images-17973.png,14257
images-17986.png,14258
images-17987.png,14259
images-17988.png,14260
images-17989.png,14261
images-17990.png,14262
images-17996.png,14263
images-17997.png,14264
images-17998.png,14265
images-17999.png,14266
images-18000.png,14267
images-18001.png,14268
images-18002.png,14269
images-18003.png,14270
images-18004.png,14271
images-18005.png,14272
images-18006.png,14273
images-18007.png,14274
images-18008.png,14275
images-18009.png,14276
images-18010.png,14277
images-18011.png,14278
images-18012.png,14279
images-18013.png,14280
images-18014.png,14281
images-18015.png,14282
images-18016.png,14283
images-18017.png,14284
images-18018.png,14285
images-18019.png,14286
images-18020.png,14287
images-18150.png,14288
images-18151.png,14289
images-18152.png,14290
images-18153.png,14291
images-18154.png,14292
images-18155.png,14293
images-18156.png,14294
images-18157.png,14295
images-18158.png,14296
images-18159.png,14297
images-18160.png,14298
images-18170.png,14299
images-18171.png,14300
images-18172.png,14301
images-18173.png,14302
images-18174.png,14303
images-18175.png,14304
images-18176.png,14305
images-18177.png,14306
images-18178.png,14307
images-18179.png,14308
images-18180.png,14309
images-18181.png,14310
images-18182.png,14311
images-18183.png,14312
images-18184.png,14313
images-18185.png,14314
images-18186.png,14315
images-18187.png,14316
images-18188.png,14317
images-18189.png,14318
images-18190.png,14319
images-18191.png,14320
images-18192.png,14321
images-18193.png,14322
images-18194.png,14323
images-18195.png,14324
images-18196.png,14325
images-18197.png,14326
images-18198.png,14327
images-18199.png,14328
images-18200.png,14329
images-18201.png,14330
images-18202.png,14331
images-18203.png,14332
images-18204.png,14333
images-18205.png,14334
images-18206.png,14335
images-18207.png,14336
images-18208.png,14337
images-18209.png,14338
images-18210.png,14339
images-18211.png,14340
images-18212.png,14341
images-18213.png,14342
images-18214.png,14343
images-18215.png,14344
images-18216.png,14345
images-18217.png,14346
images-18218.png,14347
images-18219.png,14348
images-18220.png,14349
images-18221.png,14350
images-18222.png,14351
images-18223.png,14352
images-18224.png,14353
images-18225.png,14354
images-18226.png,14355
images-18227.png,14356
images-18228.png,14357
images-18229.png,14358
images-18230.png,14359
images-18231.png,14360
images-18232.png,14361
images-18233.png,14362
images-18234.png,14363
images-18235.png,14364
images-18236.png,14365
images-18237.png,14366
images-18238.png,14367
images-18239.png,14368
images-18240.png,14369
images-18241.png,14370
images-18242.png,14371
images-18243.png,14372
images-18244.png,14373
images-18245.png,14374
images-18246.png,14375
images-18247.png,14376
images-18248.png,14377
images-18249.png,14378
images-18250.png,14379
images-18251.png,14380
images-18252.png,14381
images-18253.png,14382
images-18254.png,14383
images-18255.png,14384
images-18256.png,14385
images-18257.png,14386
images-18258.png,14387
images-18259.png,14388
images-18260.png,14389
images-18261.png,14390
images-18262.png,14391
images-18263.png,14392
images-18264.png,14393
images-18265.png,14394
images-18266.png,14395
images-18267.png,14396
images-18268.png,14397
images-18269.png,14398
images-18270.png,14399
images-18271.png,14400
images-18272.png,14401
images-18273.png,14402
images-18274.png,14403
images-18275.png,14404
images-18276.png,14405
images-18277.png,14406
images-18278.png,14407
images-18279.png,14408
images-18280.png,14409
images-18281.png,14410
images-18282.png,14411
images-18283.png,14412
images-18284.png,14413
images-18285.png,14414
images-18286.png,14415
images-18287.png,14416
images-18288.png,14417
images-18289.png,14418
images-18290.png,14419
images-18291.png,14420
images-18292.png,14421
images-18293.png,14422
images-18294.png,14423
images-18295.png,14424
images-18296.png,14425
images-18297.png,14426
images-18298.png,14427
images-18299.png,14428
images-18300.png,14429
images-18301.png,14430
images-18302.png,14431
images-18303.png,14432
images-18304.png,14433
images-18305.png,14434
images-18306.png,14435
images-18307.png,14436
images-18308.png,14437
images-18309.png,14438
images-18310.png,14439
images-18311.png,14440
images-18312.png,14441
images-18313.png,14442
images-18314.png,14443
images-18315.png,14444
images-18316.png,14445
images-18317.png,14446
images-18318.png,14447
images-18319.png,14448
images-18320.png,14449
images-18321.png,14450
images-18322.png,14451
images-18323.png,14452
images-18324.png,14453
images-18325.png,14454
images-18326.png,14455
images-18327.png,14456
images-18328.png,14457
images-18329.png,14458
images-18443.png,14459
images-18444.png,14460
images-18445.png,14461
images-18446.png,14462
images-18447.png,14463
images-18448.png,14464
images-18449.png,14465
images-18450.png,14466
images-18451.png,14467
images-18452.png,14468
images-18453.png,14469
images-18454.png,14470
images-18455.png,14471
images-18456.png,14472
images-18457.png,14473
images-18458.png,14474
images-18459.png,14475
images-18460.png,14476
images-18461.png,14477
images-18462.png,14478
images-18463.png,14479
images-18464.png,14480
images-18465.png,14481
images-18466.png,14482
images-18467.png,14483
images-18468.png,14484
images-18469.png,14485
images-18470.png,14486
images-18471.png,14487
images-18472.png,14488
images-18473.png,14489
images-18474.png,14490
images-18475.png,14491
images-18476.png,14492
images-18477.png,14493
images-18478.png,14494
images-18479.png,14495
images-18480.png,14496
images-18481.png,14497
images-18482.png,14498
images-18483.png,14499
images-18484.png,14500
images-18485.png,14501
images-18486.png,14502
images-18487.png,14503
images-18488.png,14504
images-18489.png,14505
images-18490.png,14506
images-18491.png,14507
images-18492.png,14508
images-18493.png,14509
images-18494.png,14510
images-18495.png,14511
images-18496.png,14512
images-18497.png,14513
images-18498.png,14514
images-18499.png,14515
images-18500.png,14516
images-18501.png,14517
images-18502.png,14518
images-18503.png,14519
images-18504.png,14520
images-18505.png,14521
images-18506.png,14522
images-18507.png,14523
images-18508.png,14524
images-18509.png,14525
images-18510.png,14526
images-18511.png,14527
images-18512.png,14528
images-18513.png,14529
images-18514.png,14530
images-18515.png,14531
images-18516.png,14532
images-18517.png,14533
images-18518.png,14534
images-18519.png,14535
images-18520.png,14536
images-18521.png,14537
images-18522.png,14538
images-18523.png,14539
images-18524.png,14540
images-18525.png,14541
images-18526.png,14542
images-18527.png,14543
images-18528.png,14544
images-18529.png,14545
images-18530.png,14546
images-18531.png,14547
images-18532.png,14548
images-18533.png,14549
images-18534.png,14550
images-18535.png,14551
images-18536.png,14552
images-18537.png,14553
images-18538.png,14554
images-18539.png,14555
images-18550.png,14556
images-18551.png,14557
images-18552.png,14558
images-18553.png,14559
images-18554.png,14560
images-18555.png,14561
images-18556.png,14562
images-18557.png,14563
images-18558.png,14564
images-18559.png,14565
images-18560.png,14566
images-18561.png,14567
images-18562.png,14568
images-18563.png,14569
images-18564.png,14570
images-18565.png,14571
images-18566.png,14572
images-18567.png,14573
images-18568.png,14574
images-18569.png,14575
images-18570.png,14576
images-18571.png,14577
images-18572.png,14578
images-18573.png,14579
images-18574.png,14580
images-18575.png,14581
images-18576.png,14582
images-18577.png,14583
images-18578.png,14584
images-18579.png,14585
images-18588.png,14586
images-18589.png,14587
images-18590.png,14588
images-18591.png,14589
images-18592.png,14590
images-18593.png,14591
images-18594.png,14592
images-18595.png,14593
images-18596.png,14594
images-18597.png,14595
images-18598.png,14596
images-18599.png,14597
images-18600.png,14598
images-18601.png,14599
images-18602.png,14600
images-18603.png,14601
images-18604.png,14602
images-18605.png,14603
images-18606.png,14604
images-18607.png,14605
images-18608.png,14606
images-18609.png,14607
images-18610.png,14608
images-18611.png,14609
images-18612.png,14610
images-18613.png,14611
images-18614.png,14612
images-18615.png,14613
images-18616.png,14614
images-18617.png,14615
images-18618.png,14616
images-18619.png,14617
images-18620.png,14618
images-18621.png,14619
images-18622.png,14620
images-18623.png,14621
images-18624.png,14622
images-18625.png,14623
images-18626.png,14624
images-18627.png,14625
images-18628.png,14626
images-18629.png,14627
images-18630.png,14628
images-18631.png,14629
images-18632.png,14630
images-18633.png,14631
images-18634.png,14632
images-18635.png,14633
images-18636.png,14634
images-18637.png,14635
images-18638.png,14636
images-18639.png,14637
images-18640.png,14638
images-18641.png,14639
images-18642.png,14640
images-18643.png,14641
images-18644.png,14642
images-18645.png,14643
images-18646.png,14644
images-18647.png,14645
images-18648.png,14646
images-18649.png,14647
images-18650.png,14648
images-18651.png,14649
images-18652.png,14650
images-18653.png,14651
images-18654.png,14652
images-18655.png,14653
images-18656.png,14654
images-18657.png,14655
images-18658.png,14656
images-18659.png,14657
images-18660.png,14658
images-18683.png,14659
images-18684.png,14660
images-18685.png,14661
images-18686.png,14662
images-18687.png,14663
images-18688.png,14664
images-18689.png,14665
images-18690.png,14666
images-18691.png,14667
images-18692.png,14668
images-18693.png,14669
images-18694.png,14670
images-18695.png,14671
images-18696.png,14672
images-18697.png,14673
images-18698.png,14674
images-18699.png,14675
images-18700.png,14676
images-18701.png,14677
images-18702.png,14678
images-18703.png,14679
images-18704.png,14680
images-18705.png,14681
images-18706.png,14682
images-18707.png,14683
images-18708.png,14684
images-18709.png,14685
images-18710.png,14686
images-18711.png,14687
images-18712.png,14688
images-18713.png,14689
images-18714.png,14690
images-18715.png,14691
images-18716.png,14692
images-18717.png,14693
images-18718.png,14694
images-18719.png,14695
images-18720.png,14696
images-18721.png,14697
images-18722.png,14698
images-18723.png,14699
images-18724.png,14700
images-18725.png,14701
images-18726.png,14702
images-18727.png,14703
images-18728.png,14704
images-18729.png,14705
images-18730.png,14706
images-18731.png,14707
images-18732.png,14708
images-18733.png,14709
images-18734.png,14710
images-18735.png,14711
images-18736.png,14712
images-18737.png,14713
images-18738.png,14714
images-18739.png,14715
images-18740.png,14716
images-18741.png,14717
images-18742.png,14718
images-18743.png,14719
images-18744.png,14720
images-18745.png,14721
images-18746.png,14722
images-18747.png,14723
images-18748.png,14724
images-18749.png,14725
images-18750.png,14726
images-18751.png,14727
images-18752.png,14728
images-18753.png,14729
images-18754.png,14730
images-18755.png,14731
images-18756.png,14732
images-18757.png,14733
images-18758.png,14734
images-18759.png,14735
images-18760.png,14736
images-18761.png,14737
images-18762.png,14738
images-18763.png,14739
images-18764.png,14740
images-18765.png,14741
images-18766.png,14742
images-18767.png,14743
images-18768.png,14744
images-18769.png,14745
images-18770.png,14746
images-18771.png,14747
images-18772.png,14748
images-18773.png,14749
images-18774.png,14750
images-18775.png,14751
images-18776.png,14752
images-18777.png,14753
images-18778.png,14754
images-18779.png,14755
images-18780.png,14756
images-18781.png,14757
images-18782.png,14758
images-18783.png,14759
images-18784.png,14760
images-18785.png,14761
images-18786.png,14762
images-18787.png,14763
images-18788.png,14764
images-18789.png,14765
images-18790.png,14766
images-18791.png,14767
images-18792.png,14768
images-18793.png,14769
images-18794.png,14770
images-18795.png,14771
images-18796.png,14772
images-18797.png,14773
images-18798.png,14774
images-18799.png,14775
images-18800.png,14776
images-18801.png,14777
images-18802.png,14778
images-18803.png,14779
images-18804.png,14780
images-18805.png,14781
images-18806.png,14782
images-18807.png,14783
images-18808.png,14784
images-18809.png,14785
images-18810.png,14786
images-18811.png,14787
images-18812.png,14788
images-18813.png,14789
images-18814.png,14790
images-18815.png,14791
images-18816.png,14792
images-18817.png,14793
images-18818.png,14794
images-18819.png,14795
images-18820.png,14796
images-18821.png,14797
images-18822.png,14798
images-18823.png,14799
images-18824.png,14800
images-18825.png,14801
images-18826.png,14802
images-18827.png,14803
images-18828.png,14804
images-18829.png,14805
images-18830.png,14806
images-18831.png,14807
images-18832.png,14808
images-18833.png,14809
images-18834.png,14810
images-18835.png,14811
images-18836.png,14812
images-18837.png,14813
images-18838.png,14814
images-18839.png,14815
images-18840.png,14816
images-18841.png,14817
images-18842.png,14818
images-18843.png,14819
images-18844.png,14820
images-18845.png,14821
images-18846.png,14822
images-18847.png,14823
images-18848.png,14824
images-18849.png,14825
images-18850.png,14826
images-18851.png,14827
images-18852.png,14828
images-18853.png,14829
images-18854.png,14830
images-18855.png,14831
images-18856.png,14832
images-18857.png,14833
images-18858.png,14834
images-18859.png,14835
images-18860.png,14836
images-18861.png,14837
images-18862.png,14838
images-18863.png,14839
images-18864.png,14840
images-18865.png,14841
images-18866.png,14842
images-18867.png,14843
images-18868.png,14844
images-18869.png,14845
images-18870.png,14846
images-18871.png,14847
images-18872.png,14848
images-18873.png,14849
images-18874.png,14850
images-18875.png,14851
images-18876.png,14852
images-18877.png,14853
images-18878.png,14854
images-18879.png,14855
images-18880.png,14856
images-18881.png,14857
images-18882.png,14858
images-18883.png,14859
images-18884.png,14860
images-18885.png,14861
images-18886.png,14862
images-18887.png,14863
images-18888.png,14864
images-18889.png,14865
images-18890.png,14866
images-18891.png,14867
images-18892.png,14868
images-18893.png,14869
images-18894.png,14870
images-18895.png,14871
images-18896.png,14872
images-18897.png,14873
images-18898.png,14874
images-18899.png,14875
images-18900.png,14876
images-18901.png,14877
images-18902.png,14878
images-18903.png,14879
images-18904.png,14880
images-18905.png,14881
images-18906.png,14882
images-18907.png,14883
images-18908.png,14884
images-18909.png,14885
images-18910.png,14886
images-18911.png,14887
images-18912.png,14888
images-18913.png,14889
images-18914.png,14890
images-18915.png,14891
images-18916.png,14892
images-18917.png,14893
images-18918.png,14894
images-18919.png,14895
images-18920.png,14896
images-18921.png,14897
images-18922.png,14898
images-18923.png,14899
images-18924.png,14900
images-18925.png,14901
images-18926.png,14902
images-18927.png,14903
images-18928.png,14904
images-18929.png,14905
images-18930.png,14906
images-18931.png,14907
images-18932.png,14908
images-18933.png,14909
images-18934.png,14910
images-18935.png,14911
images-18936.png,14912
images-18937.png,14913
images-18938.png,14914
images-18939.png,14915
images-18940.png,14916
images-18941.png,14917
images-18942.png,14918
images-18943.png,14919
images-18944.png,14920
images-18945.png,14921
images-18946.png,14922
images-18947.png,14923
images-18948.png,14924
images-18949.png,14925
images-18950.png,14926
images-18951.png,14927
images-18952.png,14928
images-18953.png,14929
images-18954.png,14930
images-18966.png,14931
images-18967.png,14932
images-18968.png,14933
images-18969.png,14934
images-18970.png,14935
images-18971.png,14936
images-18972.png,14937
images-18973.png,14938
images-18974.png,14939
images-18975.png,14940
images-18976.png,14941
images-18986.png,14942
images-18987.png,14943
images-18988.png,14944
images-18989.png,14945
images-18990.png,14946
images-18991.png,14947
images-18992.png,14948
images-18993.png,14949
images-18994.png,14950
images-18995.png,14951
images-18996.png,14952
images-18997.png,14953
images-18998.png,14954
images-18999.png,14955
images-19000.png,14956
images-19001.png,14957
images-19002.png,14958
images-19003.png,14959
images-19004.png,14960
images-19005.png,14961
images-19006.png,14962
images-19007.png,14963
images-19008.png,14964
images-19009.png,14965
images-19010.png,14966
images-19011.png,14967
images-19012.png,14968
images-19013.png,14969
images-19014.png,14970
images-19015.png,14971
images-19016.png,14972
images-19017.png,14973
images-19018.png,14974
images-19026.png,14975
images-19027.png,14976
images-19028.png,14977
images-19029.png,14978
images-19030.png,14979
images-19031.png,14980
images-19032.png,14981
images-19033.png,14982
images-19034.png,14983
images-19035.png,14984
images-19036.png,14985
images-19037.png,14986
images-19038.png,14987
images-19039.png,14988
images-19040.png,14989
images-19041.png,14990
images-19042.png,14991
images-19043.png,14992
images-19044.png,14993
images-19045.png,14994
images-19046.png,14995
images-19047.png,14996
images-19048.png,14997
images-19049.png,14998
images-19050.png,14999
images-19051.png,15000
images-19052.png,15001
images-19053.png,15002
images-19054.png,15003
images-19055.png,15004
images-19056.png,15005
images-19057.png,15006
images-19058.png,15007
images-19059.png,15008
images-19060.png,15009
images-19061.png,15010
images-19062.png,15011
images-19063.png,15012
images-19064.png,15013
images-19065.png,15014
images-19066.png,15015
images-19067.png,15016
images-19068.png,15017
images-19069.png,15018
images-19070.png,15019
images-19071.png,15020
images-19072.png,15021
images-19073.png,15022
images-19074.png,15023
images-19075.png,15024
images-19076.png,15025
images-19077.png,15026
images-19078.png,15027
images-19079.png,15028
images-19080.png,15029
images-19081.png,15030
images-19082.png,15031
images-19083.png,15032
images-19084.png,15033
images-19085.png,15034
images-19086.png,15035
images-19087.png,15036
images-19088.png,15037
images-19089.png,15038
images-19090.png,15039
images-19091.png,15040
images-19100.png,15041
images-19101.png,15042
images-19102.png,15043
images-19103.png,15044
images-19104.png,15045
images-19105.png,15046
images-19106.png,15047
images-19107.png,15048
images-19108.png,15049
images-19109.png,15050
images-19110.png,15051
images-19111.png,15052
images-19112.png,15053
images-19113.png,15054
images-19114.png,15055
images-19115.png,15056
images-19116.png,15057
images-19117.png,15058
images-19118.png,15059
images-19119.png,15060
images-19120.png,15061
images-19121.png,15062
images-19122.png,15063
images-19123.png,15064
images-19124.png,15065
images-19125.png,15066
images-19126.png,15067
images-19127.png,15068
images-19128.png,15069
images-19129.png,15070
images-19130.png,15071
images-19131.png,15072
images-19132.png,15073
images-19133.png,15074
images-19134.png,15075
images-19135.png,15076
images-19136.png,15077
images-19137.png,15078
images-19138.png,15079
images-19139.png,15080
images-19140.png,15081
images-19141.png,15082
images-19142.png,15083
images-19143.png,15084
images-19144.png,15085
images-19145.png,15086
images-19146.png,15087
images-19147.png,15088
images-19148.png,15089
images-19149.png,15090
images-19150.png,15091
images-19151.png,15092
images-19152.png,15093
images-19153.png,15094
images-19154.png,15095
images-19155.png,15096
images-19156.png,15097
images-19157.png,15098
images-19158.png,15099
images-19159.png,15100
images-19160.png,15101
images-19161.png,15102
images-19162.png,15103
images-19163.png,15104
images-19164.png,15105
images-19165.png,15106
images-19166.png,15107
images-19167.png,15108
images-19168.png,15109
images-19169.png,15110
images-19185.png,15111
images-19186.png,15112
images-19187.png,15113
images-19188.png,15114
images-19189.png,15115
images-19190.png,15116
images-19191.png,15117
images-19192.png,15118
images-19193.png,15119
images-19194.png,15120
images-19195.png,15121
images-19196.png,15122
images-19197.png,15123
images-19198.png,15124
images-19199.png,15125
images-19200.png,15126
images-19201.png,15127
images-19202.png,15128
images-19203.png,15129
images-19204.png,15130
images-19205.png,15131
images-19206.png,15132
images-19207.png,15133
images-19208.png,15134
images-19209.png,15135
images-19210.png,15136
images-19211.png,15137
images-19212.png,15138
images-19213.png,15139
images-19214.png,15140
images-19215.png,15141
images-19216.png,15142
images-19217.png,15143
images-19218.png,15144
images-19219.png,15145
images-19220.png,15146
images-19221.png,15147
images-19222.png,15148
images-19223.png,15149
images-19224.png,15150
images-19225.png,15151
images-19226.png,15152
images-19227.png,15153
images-19228.png,15154
images-19229.png,15155
images-19230.png,15156
images-19231.png,15157
images-19232.png,15158
images-19233.png,15159
images-19234.png,15160
images-19235.png,15161
images-19236.png,15162
images-19237.png,15163
images-19238.png,15164
images-19239.png,15165
images-19240.png,15166
images-19241.png,15167
images-19242.png,15168
images-19243.png,15169
images-19244.png,15170
images-19245.png,15171
images-19246.png,15172
images-19247.png,15173
images-19248.png,15174
images-19249.png,15175
images-19250.png,15176
images-19251.png,15177
images-19252.png,15178
images-19253.png,15179
images-19254.png,15180
images-19255.png,15181
images-19256.png,15182
images-19257.png,15183
images-19258.png,15184
images-19259.png,15185
images-19260.png,15186
images-19261.png,15187
images-19262.png,15188
images-19263.png,15189
images-19264.png,15190
images-19265.png,15191
images-19266.png,15192
images-19267.png,15193
images-19268.png,15194
images-19269.png,15195
images-19270.png,15196
images-19271.png,15197
images-19272.png,15198
images-19273.png,15199
images-19274.png,15200
images-19275.png,15201
images-19276.png,15202
images-19277.png,15203
images-19278.png,15204
images-19279.png,15205
images-19280.png,15206
images-19281.png,15207
images-19282.png,15208
images-19283.png,15209
images-19284.png,15210
images-19285.png,15211
images-19286.png,15212
images-19287.png,15213
images-19288.png,15214
images-19289.png,15215
images-19290.png,15216
images-19291.png,15217
images-19292.png,15218
images-19293.png,15219
images-19294.png,15220
images-19295.png,15221
images-19296.png,15222
images-19297.png,15223
images-19298.png,15224
images-19299.png,15225
images-19300.png,15226
images-19301.png,15227
images-19302.png,15228
images-19303.png,15229
images-19304.png,15230
images-19305.png,15231
images-19306.png,15232
images-19307.png,15233
images-19308.png,15234
images-19309.png,15235
images-19310.png,15236
images-19311.png,15237
images-19312.png,15238
images-19313.png,15239
images-19314.png,15240
images-19315.png,15241
images-19316.png,15242
images-19317.png,15243
images-19318.png,15244
images-19319.png,15245
images-19320.png,15246
images-19321.png,15247
images-19322.png,15248
images-19323.png,15249
images-19324.png,15250
images-19325.png,15251
images-19326.png,15252
images-19327.png,15253
images-19328.png,15254
images-19329.png,15255
images-19330.png,15256
images-19331.png,15257
images-19332.png,15258
images-19333.png,15259
images-19334.png,15260
images-19335.png,15261
images-19336.png,15262
images-19337.png,15263
images-19338.png,15264
images-19339.png,15265
images-19340.png,15266
images-19341.png,15267
images-19342.png,15268
images-19343.png,15269
images-19344.png,15270
images-19345.png,15271
images-19346.png,15272
images-19347.png,15273
images-19348.png,15274
images-19349.png,15275
images-19350.png,15276
images-19351.png,15277
images-19352.png,15278
images-19353.png,15279
images-19354.png,15280
images-19355.png,15281
images-19356.png,15282
images-19357.png,15283
images-19358.png,15284
images-19359.png,15285
images-19360.png,15286
images-19361.png,15287
images-19362.png,15288
images-19363.png,15289
images-19364.png,15290
images-19365.png,15291
images-19366.png,15292
images-19367.png,15293
images-19368.png,15294
images-19369.png,15295
images-19370.png,15296
images-19371.png,15297
images-19372.png,15298
images-19373.png,15299
images-19374.png,15300
images-19375.png,15301
images-19376.png,15302
images-19377.png,15303
images-19378.png,15304
images-19379.png,15305
images-19380.png,15306
images-19381.png,15307
images-19382.png,15308
images-19383.png,15309
images-19384.png,15310
images-19385.png,15311
images-19386.png,15312
images-19387.png,15313
images-19388.png,15314
images-19389.png,15315
images-19390.png,15316
images-19391.png,15317
images-19392.png,15318
images-19393.png,15319
images-19394.png,15320
images-19395.png,15321
images-19396.png,15322
images-19397.png,15323
images-19398.png,15324
images-19399.png,15325
images-19400.png,15326
images-19401.png,15327
images-19402.png,15328
images-19403.png,15329
images-19404.png,15330
images-19405.png,15331
images-19406.png,15332
images-19407.png,15333
images-19408.png,15334
images-19409.png,15335
images-19410.png,15336
images-19411.png,15337
images-19412.png,15338
images-19413.png,15339
images-19414.png,15340
images-19415.png,15341
images-19416.png,15342
images-19417.png,15343
images-19418.png,15344
images-19419.png,15345
images-19420.png,15346
images-19421.png,15347
images-19422.png,15348
images-19423.png,15349
images-19424.png,15350
images-19425.png,15351
images-19426.png,15352
images-19427.png,15353
images-19428.png,15354
images-19429.png,15355
images-19430.png,15356
images-19431.png,15357
images-19432.png,15358
images-19433.png,15359
images-19434.png,15360
images-19435.png,15361
images-19436.png,15362
images-19437.png,15363
images-19438.png,15364
images-19439.png,15365
images-19440.png,15366
images-19441.png,15367
images-19442.png,15368
images-19443.png,15369
images-19444.png,15370
images-19445.png,15371
images-19446.png,15372
images-19447.png,15373
images-19448.png,15374
images-19449.png,15375
images-19450.png,15376
images-19451.png,15377
images-19452.png,15378
images-19453.png,15379
images-19454.png,15380
images-19455.png,15381
images-19456.png,15382
images-19457.png,15383
images-19458.png,15384
images-19459.png,15385
images-19460.png,15386
images-19461.png,15387
images-19462.png,15388
images-19463.png,15389
images-19464.png,15390
images-19465.png,15391
images-19466.png,15392
images-19467.png,15393
images-19468.png,15394
images-19469.png,15395
images-19470.png,15396
images-19471.png,15397
images-19472.png,15398
images-19473.png,15399
images-19474.png,15400
images-19475.png,15401
images-19476.png,15402
images-19477.png,15403
images-19478.png,15404
images-19479.png,15405
images-19480.png,15406
images-19481.png,15407
images-19482.png,15408
images-19483.png,15409
images-19484.png,15410
images-19485.png,15411
images-19486.png,15412
images-19487.png,15413
images-19488.png,15414
images-19489.png,15415
images-19490.png,15416
images-19491.png,15417
images-19492.png,15418
images-19493.png,15419
images-19494.png,15420
images-19495.png,15421
images-19496.png,15422
images-19497.png,15423
images-19498.png,15424
images-19499.png,15425
images-19500.png,15426
images-19501.png,15427
images-19502.png,15428
images-19503.png,15429
images-19504.png,15430
images-19505.png,15431
images-19506.png,15432
images-19507.png,15433
images-19508.png,15434
images-19509.png,15435
images-19510.png,15436
images-19511.png,15437
images-19512.png,15438
images-19513.png,15439
images-19514.png,15440
images-19515.png,15441
images-19516.png,15442
images-19517.png,15443
images-19518.png,15444
images-19519.png,15445
images-19520.png,15446
images-19521.png,15447
images-19522.png,15448
images-19523.png,15449
images-19524.png,15450
images-19525.png,15451
images-19526.png,15452
images-19527.png,15453
images-19528.png,15454
images-19529.png,15455
images-19530.png,15456
images-19531.png,15457
images-19532.png,15458
images-19533.png,15459
images-19534.png,15460
images-19535.png,15461
images-19536.png,15462
images-19537.png,15463
images-19538.png,15464
images-19539.png,15465
images-19540.png,15466
images-19541.png,15467
images-19542.png,15468
images-19543.png,15469
images-19544.png,15470
images-19545.png,15471
images-19546.png,15472
images-19547.png,15473
images-19548.png,15474
images-19549.png,15475
images-19550.png,15476
images-19551.png,15477
images-19552.png,15478
images-19553.png,15479
images-19554.png,15480
images-19555.png,15481
images-19556.png,15482
images-19557.png,15483
images-19558.png,15484
images-19559.png,15485
images-19560.png,15486
images-19561.png,15487
images-19562.png,15488
images-19563.png,15489
images-19564.png,15490
images-19565.png,15491
images-19566.png,15492
images-19567.png,15493
images-19568.png,15494
images-19569.png,15495
images-19570.png,15496
images-19571.png,15497
images-19572.png,15498
images-19573.png,15499
images-19574.png,15500
images-19575.png,15501
images-19576.png,15502
images-19577.png,15503
images-19578.png,15504
images-19579.png,15505
images-19580.png,15506
images-19581.png,15507
images-19582.png,15508
images-19583.png,15509
images-19584.png,15510
images-19585.png,15511
images-19586.png,15512
images-19587.png,15513
images-19588.png,15514
images-19589.png,15515
images-19590.png,15516
images-19591.png,15517
images-19592.png,15518
images-19593.png,15519
images-19594.png,15520
images-19595.png,15521
images-19596.png,15522
images-19597.png,15523
images-19598.png,15524
images-19599.png,15525
images-19600.png,15526
images-19601.png,15527
images-19602.png,15528
images-19603.png,15529
images-19604.png,15530
images-19605.png,15531
images-19606.png,15532
images-19607.png,15533
images-19608.png,15534
images-19609.png,15535
images-19610.png,15536
images-19611.png,15537
images-19612.png,15538
images-19613.png,15539
images-19614.png,15540
images-19615.png,15541
images-19616.png,15542
images-19617.png,15543
images-19618.png,15544
images-19619.png,15545
images-19620.png,15546
images-19621.png,15547
images-19622.png,15548
images-19623.png,15549
images-19624.png,15550
images-19625.png,15551
images-19626.png,15552
images-19627.png,15553
images-19628.png,15554
images-19629.png,15555
images-19630.png,15556
images-19631.png,15557
images-19632.png,15558
images-19633.png,15559
images-19634.png,15560
images-19635.png,15561
images-19636.png,15562
images-19637.png,15563
images-19638.png,15564
images-19639.png,15565
images-19640.png,15566
images-19641.png,15567
images-19642.png,15568
images-19643.png,15569
images-19644.png,15570
images-19645.png,15571
images-19646.png,15572
images-19647.png,15573
images-19648.png,15574
images-19649.png,15575
images-19650.png,15576
images-19651.png,15577
images-19652.png,15578
images-19653.png,15579
images-19654.png,15580
images-19655.png,15581
images-19656.png,15582
images-19657.png,15583
images-19658.png,15584
images-19659.png,15585
images-19660.png,15586
images-19661.png,15587
images-19662.png,15588
images-19663.png,15589
images-19664.png,15590
images-19665.png,15591
images-19666.png,15592
images-19667.png,15593
images-19668.png,15594
images-19669.png,15595
images-19670.png,15596
images-19671.png,15597
images-19672.png,15598
images-19673.png,15599
images-19674.png,15600
images-19675.png,15601
images-19676.png,15602
images-19677.png,15603
images-19678.png,15604
images-19679.png,15605
images-19680.png,15606
images-19681.png,15607
images-19682.png,15608
images-19683.png,15609
images-19684.png,15610
images-19685.png,15611
images-19686.png,15612
images-19687.png,15613
images-19688.png,15614
images-19689.png,15615
images-19690.png,15616
images-19691.png,15617
images-19692.png,15618
images-19693.png,15619
images-19694.png,15620
images-19695.png,15621
images-19696.png,15622
images-19697.png,15623
images-19698.png,15624
images-19699.png,15625
images-19700.png,15626
images-19701.png,15627
images-19702.png,15628
images-19703.png,15629
images-19704.png,15630
images-19705.png,15631
images-19706.png,15632
images-19707.png,15633
images-19708.png,15634
images-19709.png,15635
images-19710.png,15636
images-19711.png,15637
images-19712.png,15638
images-19713.png,15639
images-19714.png,15640
images-19715.png,15641
images-20079.png,15642
images-20080.png,15643
images-20081.png,15644
images-20082.png,15645
images-20083.png,15646
images-20084.png,15647
images-20085.png,15648
images-20086.png,15649
images-20087.png,15650
images-20088.png,15651
images-20089.png,15652
images-20090.png,15653
images-20091.png,15654
images-20092.png,15655
images-20093.png,15656
images-20094.png,15657
images-20095.png,15658
images-20096.png,15659
images-20097.png,15660
images-20098.png,15661
images-20099.png,15662
images-20100.png,15663
images-20101.png,15664
images-20102.png,15665
images-20103.png,15666
images-20104.png,15667
images-20105.png,15668
images-20106.png,15669
images-20107.png,15670
images-20108.png,15671
images-20109.png,15672
images-20110.png,15673
images-20111.png,15674
images-20112.png,15675
images-20113.png,15676
images-20114.png,15677
images-20115.png,15678
images-20116.png,15679
images-20117.png,15680
images-20118.png,15681
images-20119.png,15682
images-20120.png,15683
images-20121.png,15684
images-20122.png,15685
images-20123.png,15686
images-20124.png,15687
images-20125.png,15688
images-20126.png,15689
images-20127.png,15690
images-20128.png,15691
images-20129.png,15692
images-20130.png,15693
images-20131.png,15694
images-20132.png,15695
images-20133.png,15696
images-20134.png,15697
images-20135.png,15698
images-20136.png,15699
images-20137.png,15700
images-20138.png,15701
images-20139.png,15702
images-20140.png,15703
images-20141.png,15704
images-20142.png,15705
images-20143.png,15706
images-20144.png,15707
images-20145.png,15708
images-20146.png,15709
images-20147.png,15710
images-20148.png,15711
images-20149.png,15712
images-20150.png,15713
images-20151.png,15714
images-20152.png,15715
images-20153.png,15716
images-20154.png,15717
images-20155.png,15718
images-20156.png,15719
images-20157.png,15720
images-20158.png,15721
images-20159.png,15722
images-20160.png,15723
images-20161.png,15724
images-20162.png,15725
images-20163.png,15726
images-20164.png,15727
images-20165.png,15728
images-20166.png,15729
images-20167.png,15730
images-20168.png,15731
images-20169.png,15732
images-20170.png,15733
images-20171.png,15734
images-20172.png,15735
images-20173.png,15736
images-20174.png,15737
images-20175.png,15738
images-20176.png,15739
images-20177.png,15740
images-20178.png,15741
images-20179.png,15742
images-20180.png,15743
images-20181.png,15744
images-20182.png,15745
images-20183.png,15746
images-20184.png,15747
images-20185.png,15748
images-20186.png,15749
images-20187.png,15750
images-20188.png,15751
images-20189.png,15752
images-20190.png,15753
images-20191.png,15754
images-20192.png,15755
images-20193.png,15756
images-20194.png,15757
images-20195.png,15758
images-20196.png,15759
images-20197.png,15760
images-20198.png,15761
images-20199.png,15762
images-20200.png,15763
images-20201.png,15764
images-20202.png,15765
images-20203.png,15766
images-20204.png,15767
images-20205.png,15768
images-20206.png,15769
images-20207.png,15770
images-20208.png,15771
images-20209.png,15772
images-20210.png,15773
images-20211.png,15774
images-20212.png,15775
images-20213.png,15776
images-20214.png,15777
images-20215.png,15778
images-20216.png,15779
images-20217.png,15780
images-20218.png,15781
images-20219.png,15782
images-20220.png,15783
images-20221.png,15784
images-20222.png,15785
images-20223.png,15786
images-20224.png,15787
images-20225.png,15788
images-20226.png,15789
images-20227.png,15790
images-20228.png,15791
images-20229.png,15792
images-20230.png,15793
images-20231.png,15794
images-20232.png,15795
images-20233.png,15796
images-20234.png,15797
images-20235.png,15798
images-20236.png,15799
images-20237.png,15800
images-20238.png,15801
images-20239.png,15802
images-20240.png,15803
images-20241.png,15804
images-20242.png,15805
images-20243.png,15806
images-20244.png,15807
images-20245.png,15808
images-20246.png,15809
images-20247.png,15810
images-20248.png,15811
images-20249.png,15812
images-20250.png,15813
images-20251.png,15814
images-20252.png,15815
images-20253.png,15816
images-20254.png,15817
images-20255.png,15818
images-20256.png,15819
images-20257.png,15820
images-20258.png,15821
images-20259.png,15822
images-20260.png,15823
images-20261.png,15824
images-20262.png,15825
images-20263.png,15826
images-20264.png,15827
images-20265.png,15828
images-20266.png,15829
images-20267.png,15830
images-20268.png,15831
images-20269.png,15832
images-20270.png,15833
images-20271.png,15834
images-20272.png,15835
images-20273.png,15836
images-20274.png,15837
images-20275.png,15838
images-20276.png,15839
images-20277.png,15840
images-20278.png,15841
images-20279.png,15842
images-20280.png,15843
images-20281.png,15844
images-20282.png,15845
images-20283.png,15846
images-20284.png,15847
images-20285.png,15848
images-20286.png,15849
images-20287.png,15850
images-20288.png,15851
images-20289.png,15852
images-20290.png,15853
images-20291.png,15854
images-20292.png,15855
images-20293.png,15856
images-20294.png,15857
images-20295.png,15858
images-20296.png,15859
images-20297.png,15860
images-20298.png,15861
images-20299.png,15862
images-20300.png,15863
images-20301.png,15864
images-20302.png,15865
images-20303.png,15866
images-20304.png,15867
images-20305.png,15868
images-20306.png,15869
images-20307.png,15870
images-20308.png,15871
images-20309.png,15872
images-20354.png,15873
images-20355.png,15874
images-20356.png,15875
images-20357.png,15876
images-20358.png,15877
images-20359.png,15878
images-20360.png,15879
images-20361.png,15880
images-20362.png,15881
images-20363.png,15882
images-20364.png,15883
images-20365.png,15884
images-20366.png,15885
images-20367.png,15886
images-20368.png,15887
images-20369.png,15888
images-20370.png,15889
images-20371.png,15890
images-20372.png,15891
images-20373.png,15892
images-20374.png,15893
images-20375.png,15894
images-20376.png,15895
images-20377.png,15896
images-20378.png,15897
images-20379.png,15898
images-20380.png,15899
images-20381.png,15900
images-20382.png,15901
images-20383.png,15902
images-20384.png,15903
images-20385.png,15904
images-20386.png,15905
images-20387.png,15906
images-20388.png,15907
images-20389.png,15908
images-20390.png,15909
images-20391.png,15910
images-20392.png,15911
images-20393.png,15912
images-20394.png,15913
images-20395.png,15914
images-20396.png,15915
images-20397.png,15916
images-20398.png,15917
images-20399.png,15918
images-20400.png,15919
images-20401.png,15920
images-20402.png,15921
images-20403.png,15922
images-20404.png,15923
images-20405.png,15924
images-20406.png,15925
images-20407.png,15926
images-20408.png,15927
images-20409.png,15928
images-20410.png,15929
images-20411.png,15930
images-20412.png,15931
images-20413.png,15932
images-20414.png,15933
images-20415.png,15934
images-20416.png,15935
images-20417.png,15936
images-20418.png,15937
images-20419.png,15938
images-20420.png,15939
images-20421.png,15940
images-20422.png,15941
images-20423.png,15942
images-20424.png,15943
images-20425.png,15944
images-20426.png,15945
images-20427.png,15946
images-20428.png,15947
images-20429.png,15948
images-20430.png,15949
images-20431.png,15950
images-20432.png,15951
images-20433.png,15952
images-20434.png,15953
images-20435.png,15954
images-20436.png,15955
images-20437.png,15956
images-20438.png,15957
images-20439.png,15958
images-20440.png,15959
images-20441.png,15960
images-20442.png,15961
images-20443.png,15962
images-20444.png,15963
images-20445.png,15964
images-20446.png,15965
images-20447.png,15966
images-20448.png,15967
images-20449.png,15968
images-20450.png,15969
images-20451.png,15970
images-20452.png,15971
images-20453.png,15972
images-20454.png,15973
images-20455.png,15974
images-20456.png,15975
images-20457.png,15976
images-20458.png,15977
images-20459.png,15978
images-20460.png,15979
images-20461.png,15980
images-20462.png,15981
images-20463.png,15982
images-20464.png,15983
images-20465.png,15984
images-20466.png,15985
images-20467.png,15986
images-20468.png,15987
images-20469.png,15988
images-20470.png,15989
images-20471.png,15990
images-20472.png,15991
images-20473.png,15992
images-20474.png,15993
images-20475.png,15994
images-20476.png,15995
images-20477.png,15996
images-20478.png,15997
images-20479.png,15998
images-20480.png,15999
images-20481.png,16000
images-20482.png,16001
images-20483.png,16002
images-20484.png,16003
images-20485.png,16004
images-20486.png,16005
images-20487.png,16006
images-20488.png,16007
images-20489.png,16008
images-20490.png,16009
images-20491.png,16010
images-20492.png,16011
images-20493.png,16012
images-20494.png,16013
images-20495.png,16014
images-20496.png,16015
images-20497.png,16016
images-20498.png,16017
images-20499.png,16018
images-20500.png,16019
images-20501.png,16020
images-20502.png,16021
images-20503.png,16022
images-20504.png,16023
images-20505.png,16024
images-20506.png,16025
images-20507.png,16026
images-20508.png,16027
images-20509.png,16028
images-20510.png,16029
images-20511.png,16030
images-20512.png,16031
images-20513.png,16032
images-20514.png,16033
images-20515.png,16034
images-20516.png,16035
images-20517.png,16036
images-20518.png,16037
images-20519.png,16038
images-20520.png,16039
images-20521.png,16040
images-20522.png,16041
images-20523.png,16042
images-20524.png,16043
images-20525.png,16044
images-20526.png,16045
images-20527.png,16046
images-20528.png,16047
images-20529.png,16048
images-20530.png,16049
images-20531.png,16050
images-20532.png,16051
images-20533.png,16052
images-20534.png,16053
images-20535.png,16054
images-20536.png,16055
images-20537.png,16056
images-20538.png,16057
images-20539.png,16058
images-20547.png,16059
images-20548.png,16060
images-20549.png,16061
images-20550.png,16062
images-20551.png,16063
images-20552.png,16064
images-20553.png,16065
images-20554.png,16066
images-20555.png,16067
images-20556.png,16068
images-20557.png,16069
images-20558.png,16070
images-20559.png,16071
images-20560.png,16072
images-20561.png,16073
images-20562.png,16074
images-20563.png,16075
images-20564.png,16076
images-20565.png,16077
images-20566.png,16078
images-20567.png,16079
images-20568.png,16080
images-20569.png,16081
images-20570.png,16082
images-20571.png,16083
images-20572.png,16084
images-20573.png,16085
images-20574.png,16086
images-20575.png,16087
images-20576.png,16088
images-20577.png,16089
images-20578.png,16090
images-20579.png,16091
images-20580.png,16092
images-20581.png,16093
images-20582.png,16094
images-20583.png,16095
images-20584.png,16096
images-20585.png,16097
images-20586.png,16098
images-20587.png,16099
images-20588.png,16100
images-20589.png,16101
images-20590.png,16102
images-20591.png,16103
images-20592.png,16104
images-20593.png,16105
images-20599.png,16106
images-20600.png,16107
images-20601.png,16108
images-20602.png,16109
images-20603.png,16110
images-20604.png,16111
images-20605.png,16112
images-20606.png,16113
images-20607.png,16114
images-20608.png,16115
images-20609.png,16116
images-20610.png,16117
images-20611.png,16118
images-20612.png,16119
images-20613.png,16120
images-20614.png,16121
images-20615.png,16122
images-20616.png,16123
images-20617.png,16124
images-20618.png,16125
images-20619.png,16126
images-20620.png,16127
images-20621.png,16128
images-20622.png,16129
images-20623.png,16130
images-20624.png,16131
images-20625.png,16132
images-20626.png,16133
images-20627.png,16134
images-20628.png,16135
images-20629.png,16136
images-20630.png,16137
images-20631.png,16138
images-20632.png,16139
images-20633.png,16140
images-20634.png,16141
images-20635.png,16142
images-20636.png,16143
images-20637.png,16144
images-20638.png,16145
images-20639.png,16146
images-20640.png,16147
images-20641.png,16148
images-20642.png,16149
images-20643.png,16150
images-20644.png,16151
images-20645.png,16152
images-20646.png,16153
images-20647.png,16154
images-20648.png,16155
images-20649.png,16156
images-20650.png,16157
images-20651.png,16158
images-20652.png,16159
images-20653.png,16160
images-20654.png,16161
images-20655.png,16162
images-20656.png,16163
images-20657.png,16164
images-20658.png,16165
images-20659.png,16166
images-20660.png,16167
images-20661.png,16168
images-20662.png,16169
images-20663.png,16170
images-20664.png,16171
images-20665.png,16172
images-20666.png,16173
images-20667.png,16174
images-20668.png,16175
images-20669.png,16176
images-20670.png,16177
images-20671.png,16178
images-20672.png,16179
images-20673.png,16180
images-20674.png,16181
images-20675.png,16182
images-20676.png,16183
images-20677.png,16184
images-20678.png,16185
images-20679.png,16186
images-20680.png,16187
images-20681.png,16188
images-20682.png,16189
images-20683.png,16190
images-20684.png,16191
images-20685.png,16192
images-20686.png,16193
images-20687.png,16194
images-20688.png,16195
images-20689.png,16196
images-20690.png,16197
images-20691.png,16198
images-20692.png,16199
images-20693.png,16200
images-20694.png,16201
images-20695.png,16202
images-20696.png,16203
images-20697.png,16204
images-20698.png,16205
images-20699.png,16206
images-20700.png,16207
images-20701.png,16208
images-20702.png,16209
images-20703.png,16210
images-20704.png,16211
images-20705.png,16212
images-20706.png,16213
images-20707.png,16214
images-20708.png,16215
images-20709.png,16216
images-20710.png,16217
images-20711.png,16218
images-20712.png,16219
images-20713.png,16220
images-20714.png,16221
images-20715.png,16222
images-20716.png,16223
images-20717.png,16224
images-20718.png,16225
images-20719.png,16226
images-20720.png,16227
images-20721.png,16228
images-20722.png,16229
images-20723.png,16230
images-20724.png,16231
images-20725.png,16232
images-20726.png,16233
images-20727.png,16234
images-20728.png,16235
images-20729.png,16236
images-20730.png,16237
images-20731.png,16238
images-20732.png,16239
images-20733.png,16240
images-20734.png,16241
images-20735.png,16242
images-20736.png,16243
images-20760.png,16244
images-20761.png,16245
images-20762.png,16246
images-20763.png,16247
images-20764.png,16248
images-20765.png,16249
images-20766.png,16250
images-20767.png,16251
images-20768.png,16252
images-20769.png,16253
images-20770.png,16254
images-20771.png,16255
images-20772.png,16256
images-20773.png,16257
images-20774.png,16258
images-20775.png,16259
images-20776.png,16260
images-20777.png,16261
images-20778.png,16262
images-20779.png,16263
images-20780.png,16264
images-20781.png,16265
images-20782.png,16266
images-20783.png,16267
images-20784.png,16268
images-20785.png,16269
images-20786.png,16270
images-20787.png,16271
images-20788.png,16272
images-20789.png,16273
images-20790.png,16274
images-20791.png,16275
images-20792.png,16276
images-20793.png,16277
images-20794.png,16278
images-20795.png,16279
images-20796.png,16280
images-20797.png,16281
images-20798.png,16282
images-20799.png,16283
images-20800.png,16284
images-20801.png,16285
images-20802.png,16286
images-20803.png,16287
images-20804.png,16288
images-20805.png,16289
images-20806.png,16290
images-20807.png,16291
images-20808.png,16292
images-20809.png,16293
images-20810.png,16294
images-20811.png,16295
images-20812.png,16296
images-20813.png,16297
images-20814.png,16298
images-20815.png,16299
images-20816.png,16300
images-20817.png,16301
images-20818.png,16302
images-20819.png,16303
images-20820.png,16304
images-20821.png,16305
images-20822.png,16306
images-20823.png,16307
images-20824.png,16308
images-20825.png,16309
images-20826.png,16310
images-20827.png,16311
images-20828.png,16312
images-20829.png,16313
images-20830.png,16314
images-20831.png,16315
images-20832.png,16316
images-20833.png,16317
images-20834.png,16318
images-20835.png,16319
images-20836.png,16320
images-20837.png,16321
images-20838.png,16322
images-20839.png,16323
images-20840.png,16324
images-20841.png,16325
images-20842.png,16326
images-20843.png,16327
images-20844.png,16328
images-20845.png,16329
images-20846.png,16330
images-20847.png,16331
images-20848.png,16332
images-20849.png,16333
images-20850.png,16334
images-20851.png,16335
images-20852.png,16336
images-20853.png,16337
images-20854.png,16338
images-20855.png,16339
images-20856.png,16340
images-20857.png,16341
images-20858.png,16342
images-20859.png,16343
images-20860.png,16344
images-20861.png,16345
images-20862.png,16346
images-20863.png,16347
images-20864.png,16348
images-20865.png,16349
images-20866.png,16350
images-20867.png,16351
images-20868.png,16352
images-20869.png,16353
images-20870.png,16354
images-20871.png,16355
images-20872.png,16356
images-20873.png,16357
images-20874.png,16358
images-20875.png,16359
images-20876.png,16360
images-20877.png,16361
images-20878.png,16362
images-20879.png,16363
images-20880.png,16364
images-20881.png,16365
images-20882.png,16366
images-20883.png,16367
images-20884.png,16368
images-20885.png,16369
images-20886.png,16370
images-20887.png,16371
images-20888.png,16372
images-20889.png,16373
images-20890.png,16374
images-20891.png,16375
images-20892.png,16376
images-20893.png,16377
images-20894.png,16378
images-20895.png,16379
images-20896.png,16380
images-20897.png,16381
images-20898.png,16382
images-20899.png,16383
images-20900.png,16384
images-20901.png,16385
images-20902.png,16386
images-20903.png,16387
images-20904.png,16388
images-20905.png,16389
images-20906.png,16390
images-20907.png,16391
images-20908.png,16392
images-20909.png,16393
images-20910.png,16394
images-20911.png,16395
images-20912.png,16396
images-20913.png,16397
images-20914.png,16398
images-20915.png,16399
images-20916.png,16400
images-20917.png,16401
images-20918.png,16402
images-20919.png,16403
images-20920.png,16404
images-20921.png,16405
images-20922.png,16406
images-20923.png,16407
images-20924.png,16408
images-20925.png,16409
images-20926.png,16410
images-20927.png,16411
images-20928.png,16412
images-20929.png,16413
images-20930.png,16414
images-20931.png,16415
images-20932.png,16416
images-20933.png,16417
images-20934.png,16418
images-20935.png,16419
images-20936.png,16420
images-20937.png,16421
images-20938.png,16422
images-20939.png,16423
images-20940.png,16424
images-20941.png,16425
images-20942.png,16426
images-20943.png,16427
images-20944.png,16428
images-20945.png,16429
images-20946.png,16430
images-20947.png,16431
images-20948.png,16432
images-20949.png,16433
images-20950.png,16434
images-20951.png,16435
images-20952.png,16436
images-20953.png,16437
images-20954.png,16438
images-20955.png,16439
images-20956.png,16440
images-20957.png,16441
images-20958.png,16442
images-20959.png,16443
images-20960.png,16444
images-20961.png,16445
images-20962.png,16446
images-20963.png,16447
images-20964.png,16448
images-20965.png,16449
images-20966.png,16450
images-20967.png,16451
images-20968.png,16452
images-20969.png,16453
images-20970.png,16454
images-20971.png,16455
images-20972.png,16456
images-20973.png,16457
images-20974.png,16458
images-20975.png,16459
images-20976.png,16460
images-20977.png,16461
images-20978.png,16462
images-20979.png,16463
images-20980.png,16464
images-20981.png,16465
images-20982.png,16466
images-20983.png,16467
images-20984.png,16468
images-20985.png,16469
images-20986.png,16470
images-20987.png,16471
images-20988.png,16472
images-20989.png,16473
images-20990.png,16474
images-20991.png,16475
images-20992.png,16476
images-20993.png,16477
images-20994.png,16478
images-20995.png,16479
images-20996.png,16480
images-20997.png,16481
images-20998.png,16482
images-20999.png,16483
images-21000.png,16484
images-21001.png,16485
images-21002.png,16486
images-21003.png,16487
images-21004.png,16488
images-21005.png,16489
images-21006.png,16490
images-21007.png,16491
images-21008.png,16492
images-21009.png,16493
images-21010.png,16494
images-21011.png,16495
images-21012.png,16496
images-21013.png,16497
images-21014.png,16498
images-21015.png,16499
images-21016.png,16500
images-21017.png,16501
images-21018.png,16502
images-21019.png,16503
images-21020.png,16504
images-21021.png,16505
images-21022.png,16506
images-21023.png,16507
images-21024.png,16508
images-21025.png,16509
images-21026.png,16510
images-21027.png,16511
images-21028.png,16512
images-21029.png,16513
images-21030.png,16514
images-21031.png,16515
images-21032.png,16516
images-21033.png,16517
images-21034.png,16518
images-21035.png,16519
images-21036.png,16520
images-21037.png,16521
images-21038.png,16522
images-21039.png,16523
images-21040.png,16524
images-21041.png,16525
images-21042.png,16526
images-21043.png,16527
images-21044.png,16528
images-21045.png,16529
images-21046.png,16530
images-21047.png,16531
images-21048.png,16532
images-21049.png,16533
images-21050.png,16534
images-21051.png,16535
images-21052.png,16536
images-21053.png,16537
images-21054.png,16538
images-21055.png,16539
images-21056.png,16540
images-21057.png,16541
images-21063.png,16542
images-21064.png,16543
images-21065.png,16544
images-21066.png,16545
images-21067.png,16546
images-21068.png,16547
images-21069.png,16548
images-21070.png,16549
images-21071.png,16550
images-21072.png,16551
images-21073.png,16552
images-21074.png,16553
images-21075.png,16554
images-21076.png,16555
images-21077.png,16556
images-21078.png,16557
images-21079.png,16558
images-21080.png,16559
images-21081.png,16560
images-21082.png,16561
images-21083.png,16562
images-21084.png,16563
images-21085.png,16564
images-21086.png,16565
images-21087.png,16566
images-21088.png,16567
images-21089.png,16568
images-21090.png,16569
images-21091.png,16570
images-21092.png,16571
images-21093.png,16572
images-21094.png,16573
images-21095.png,16574
images-21096.png,16575
images-21097.png,16576
images-21098.png,16577
images-21099.png,16578
images-21100.png,16579
images-21101.png,16580
images-21102.png,16581
images-21103.png,16582
images-21104.png,16583
images-21105.png,16584
images-21106.png,16585
images-21107.png,16586
images-21108.png,16587
images-21109.png,16588
images-21110.png,16589
images-21111.png,16590
images-21112.png,16591
images-21113.png,16592
images-21114.png,16593
images-21115.png,16594
images-21116.png,16595
images-21117.png,16596
images-21118.png,16597
images-21119.png,16598
images-21120.png,16599
images-21121.png,16600
images-21122.png,16601
images-21123.png,16602
images-21124.png,16603
images-21125.png,16604
images-21126.png,16605
images-21127.png,16606
images-21128.png,16607
images-21129.png,16608
images-21130.png,16609
images-21131.png,16610
images-21132.png,16611
images-21133.png,16612
images-21134.png,16613
images-21135.png,16614
images-21136.png,16615
images-21137.png,16616
images-21138.png,16617
images-21139.png,16618
images-21140.png,16619
images-21141.png,16620
images-21142.png,16621
images-21143.png,16622
images-21144.png,16623
images-21145.png,16624
images-21146.png,16625
images-21147.png,16626
images-21148.png,16627
images-21149.png,16628
images-21150.png,16629
images-21151.png,16630
images-21152.png,16631
images-21153.png,16632
images-21154.png,16633
images-21155.png,16634
images-21156.png,16635
images-21157.png,16636
images-21158.png,16637
images-21159.png,16638
images-21160.png,16639
images-21161.png,16640
images-21162.png,16641
images-21163.png,16642
images-21164.png,16643
images-21165.png,16644
images-21166.png,16645
images-21167.png,16646
images-21168.png,16647
images-21169.png,16648
images-21170.png,16649
images-21171.png,16650
images-21172.png,16651
images-21173.png,16652
images-21174.png,16653
images-21175.png,16654
images-21176.png,16655
images-21177.png,16656
images-21178.png,16657
images-21179.png,16658
images-21180.png,16659
images-21181.png,16660
images-21182.png,16661
images-21183.png,16662
images-21184.png,16663
images-21185.png,16664
images-21186.png,16665
images-21187.png,16666
images-21188.png,16667
images-21189.png,16668
images-21190.png,16669
images-21191.png,16670
images-21192.png,16671
images-21193.png,16672
images-21194.png,16673
images-21195.png,16674
images-21196.png,16675
images-21197.png,16676
images-21198.png,16677
images-21199.png,16678
images-21200.png,16679
images-21201.png,16680
images-21202.png,16681
images-21203.png,16682
images-21204.png,16683
images-21205.png,16684
images-21206.png,16685
images-21207.png,16686
images-21208.png,16687
images-21209.png,16688
images-21210.png,16689
images-21211.png,16690
images-21212.png,16691
images-21213.png,16692
images-21214.png,16693
images-21215.png,16694
images-21216.png,16695
images-21217.png,16696
images-21218.png,16697
images-21219.png,16698
images-21220.png,16699
images-21221.png,16700
images-21222.png,16701
images-21223.png,16702
images-21224.png,16703
images-21225.png,16704
images-21226.png,16705
images-21227.png,16706
images-21228.png,16707
images-21229.png,16708
images-21230.png,16709
images-21231.png,16710
images-21232.png,16711
images-21233.png,16712
images-21234.png,16713
images-21235.png,16714
images-21236.png,16715
images-21237.png,16716
images-21238.png,16717
images-21239.png,16718
images-21240.png,16719
images-21241.png,16720
images-21242.png,16721
images-21243.png,16722
images-21244.png,16723
images-21245.png,16724
images-21246.png,16725
images-21247.png,16726
images-21248.png,16727
images-21249.png,16728
images-21250.png,16729
images-21251.png,16730
images-21252.png,16731
images-21253.png,16732
images-21254.png,16733
images-21255.png,16734
images-21256.png,16735
images-21257.png,16736
images-21258.png,16737
images-21259.png,16738
images-21260.png,16739
images-21261.png,16740
images-21262.png,16741
images-21263.png,16742
images-21264.png,16743
images-21265.png,16744
images-21266.png,16745
images-21267.png,16746
images-21268.png,16747
images-21269.png,16748
images-21270.png,16749
images-21271.png,16750
images-21272.png,16751
images-21273.png,16752
images-21274.png,16753
images-21275.png,16754
images-21276.png,16755
images-21277.png,16756
images-21278.png,16757
images-21279.png,16758
images-21280.png,16759
images-21281.png,16760
images-21282.png,16761
images-21283.png,16762
images-21284.png,16763
images-21285.png,16764
images-21286.png,16765
images-21287.png,16766
images-21288.png,16767
images-21289.png,16768
images-21290.png,16769
images-21291.png,16770
images-21292.png,16771
images-21293.png,16772
images-21294.png,16773
images-21295.png,16774
images-21296.png,16775
images-21297.png,16776
images-21298.png,16777
images-21299.png,16778
images-21300.png,16779
images-21301.png,16780
images-21302.png,16781
images-21303.png,16782
images-21304.png,16783
images-21305.png,16784
images-21306.png,16785
images-21307.png,16786
images-21308.png,16787
images-21309.png,16788
images-21310.png,16789
images-21311.png,16790
images-21312.png,16791
images-21313.png,16792
images-21314.png,16793
images-21315.png,16794
images-21316.png,16795
images-21317.png,16796
images-21318.png,16797
images-21319.png,16798
images-21320.png,16799
images-21321.png,16800
images-21322.png,16801
images-21323.png,16802
images-21324.png,16803
images-21325.png,16804
images-21326.png,16805
images-21327.png,16806
images-21328.png,16807
images-21329.png,16808
images-21330.png,16809
images-21331.png,16810
images-21332.png,16811
images-21333.png,16812
images-21334.png,16813
images-21335.png,16814
images-21336.png,16815
images-21337.png,16816
images-21338.png,16817
images-21339.png,16818
images-21340.png,16819
images-21341.png,16820
images-21342.png,16821
images-21343.png,16822
images-21344.png,16823
images-21345.png,16824
images-21346.png,16825
images-21347.png,16826
images-21348.png,16827
images-21349.png,16828
images-21350.png,16829
images-21351.png,16830
images-21352.png,16831
images-21353.png,16832
images-21354.png,16833
images-21355.png,16834
images-21356.png,16835
images-21357.png,16836
images-21358.png,16837
images-21359.png,16838
images-21360.png,16839
images-21361.png,16840
images-21362.png,16841
images-21363.png,16842
images-21364.png,16843
images-21365.png,16844
images-21366.png,16845
images-21367.png,16846
images-21368.png,16847
images-21369.png,16848
images-21370.png,16849
images-21371.png,16850
images-21372.png,16851
images-21373.png,16852
images-21374.png,16853
images-21375.png,16854
images-21376.png,16855
images-21377.png,16856
images-21378.png,16857
images-21379.png,16858
images-21380.png,16859
images-21381.png,16860
images-21382.png,16861
images-21383.png,16862
images-21384.png,16863
images-21385.png,16864
images-21386.png,16865
images-21387.png,16866
images-21388.png,16867
images-21389.png,16868
images-21390.png,16869
images-21391.png,16870
images-21392.png,16871
images-21393.png,16872
images-21394.png,16873
images-21395.png,16874
images-21396.png,16875
images-21397.png,16876
images-21398.png,16877
images-21399.png,16878
images-21400.png,16879
images-21401.png,16880
images-21402.png,16881
images-21403.png,16882
images-21404.png,16883
images-21405.png,16884
images-21406.png,16885
images-21407.png,16886
images-21408.png,16887
images-21409.png,16888
images-21410.png,16889
images-21411.png,16890
images-21412.png,16891
images-21413.png,16892
images-21414.png,16893
images-21415.png,16894
images-21416.png,16895
images-21417.png,16896
images-21418.png,16897
images-21419.png,16898
images-21420.png,16899
images-21421.png,16900
images-21422.png,16901
images-21423.png,16902
images-21424.png,16903
images-21425.png,16904
images-21426.png,16905
images-21427.png,16906
images-21428.png,16907
images-21429.png,16908
images-21430.png,16909
images-21431.png,16910
images-21432.png,16911
images-21433.png,16912
images-21434.png,16913
images-21435.png,16914
images-21436.png,16915
images-21437.png,16916
images-21438.png,16917
images-21439.png,16918
images-21440.png,16919
images-21441.png,16920
images-21442.png,16921
images-21443.png,16922
images-21444.png,16923
images-21445.png,16924
images-21446.png,16925
images-21447.png,16926
images-21448.png,16927
images-21449.png,16928
images-21450.png,16929
images-21451.png,16930
images-21452.png,16931
images-21453.png,16932
images-21454.png,16933
images-21455.png,16934
images-21456.png,16935
images-21457.png,16936
images-21458.png,16937
images-21459.png,16938
images-21460.png,16939
images-21461.png,16940
images-21462.png,16941
images-21463.png,16942
images-21464.png,16943
images-21465.png,16944
images-21466.png,16945
images-21467.png,16946
images-21468.png,16947
images-21469.png,16948
images-21470.png,16949
images-21471.png,16950
images-21472.png,16951
images-21473.png,16952
images-21474.png,16953
images-21475.png,16954
images-21476.png,16955
images-21477.png,16956
images-21499.png,16957
images-21500.png,16958
images-21501.png,16959
images-21502.png,16960
images-21503.png,16961
images-21504.png,16962
images-21505.png,16963
images-21506.png,16964
images-21507.png,16965
images-21508.png,16966
images-21509.png,16967
images-21510.png,16968
images-21511.png,16969
images-21512.png,16970
images-21513.png,16971
images-21514.png,16972
images-21515.png,16973
images-21516.png,16974
images-21517.png,16975
images-21518.png,16976
images-21519.png,16977
images-21520.png,16978
images-21521.png,16979
images-21522.png,16980
images-21523.png,16981
images-21524.png,16982
images-21525.png,16983
images-21526.png,16984
images-21527.png,16985
images-21528.png,16986
images-21529.png,16987
images-21530.png,16988
images-21531.png,16989
images-21532.png,16990
images-21533.png,16991
images-21534.png,16992
images-21535.png,16993
images-21536.png,16994
images-21537.png,16995
images-21538.png,16996
images-21539.png,16997
images-21540.png,16998
images-21541.png,16999
images-21542.png,17000
images-21543.png,17001
images-21544.png,17002
images-21545.png,17003
images-21546.png,17004
images-21547.png,17005
images-21548.png,17006
images-21549.png,17007
images-21550.png,17008
images-21551.png,17009
images-21552.png,17010
images-21553.png,17011
images-21554.png,17012
images-21555.png,17013
images-21556.png,17014
images-21557.png,17015
images-21558.png,17016
images-21559.png,17017
images-21560.png,17018
images-21561.png,17019
images-21562.png,17020
images-21563.png,17021
images-21564.png,17022
images-21565.png,17023
images-21566.png,17024
images-21567.png,17025
images-21568.png,17026
images-21569.png,17027
images-21570.png,17028
images-21571.png,17029
images-21572.png,17030
images-21573.png,17031
images-21574.png,17032
images-21575.png,17033
images-21576.png,17034
images-21577.png,17035
images-21578.png,17036
images-21579.png,17037
images-21580.png,17038
images-21581.png,17039
images-21582.png,17040
images-21583.png,17041
images-21584.png,17042
images-21585.png,17043
images-21586.png,17044
images-21587.png,17045
images-21588.png,17046
images-21589.png,17047
images-21590.png,17048
images-21591.png,17049
images-21592.png,17050
images-21593.png,17051
images-21594.png,17052
images-21595.png,17053
images-21596.png,17054
images-21597.png,17055
images-21598.png,17056
images-21599.png,17057
images-21600.png,17058
images-21601.png,17059
images-21602.png,17060
images-21603.png,17061
images-21604.png,17062
images-21605.png,17063
images-21606.png,17064
images-21607.png,17065
images-21608.png,17066
images-21609.png,17067
images-21610.png,17068
images-21611.png,17069
images-21612.png,17070
images-21613.png,17071
images-21614.png,17072
images-21615.png,17073
images-21616.png,17074
images-21617.png,17075
images-21618.png,17076
images-21619.png,17077
images-21620.png,17078
images-21621.png,17079
images-21622.png,17080
images-21623.png,17081
images-21624.png,17082
images-21625.png,17083
images-21626.png,17084
images-21627.png,17085
images-21628.png,17086
images-21629.png,17087
images-21630.png,17088
images-21631.png,17089
images-21632.png,17090
images-21633.png,17091
images-21634.png,17092
images-21635.png,17093
images-21636.png,17094
images-21637.png,17095
images-21638.png,17096
images-21639.png,17097
images-21640.png,17098
images-21641.png,17099
images-21642.png,17100
images-21643.png,17101
images-21644.png,17102
images-21645.png,17103
images-21646.png,17104
images-21647.png,17105
images-21648.png,17106
images-21649.png,17107
images-21650.png,17108
images-21651.png,17109
images-21652.png,17110
images-21653.png,17111
images-21654.png,17112
images-21655.png,17113
images-21656.png,17114
images-21657.png,17115
images-21658.png,17116
images-21659.png,17117
images-21660.png,17118
images-21661.png,17119
images-21662.png,17120
images-21663.png,17121
images-21664.png,17122
images-21665.png,17123
images-21666.png,17124
images-21667.png,17125
images-21668.png,17126
images-21669.png,17127
images-21670.png,17128
images-21671.png,17129
images-21672.png,17130
images-21673.png,17131
images-21674.png,17132
images-21675.png,17133
images-21676.png,17134
images-21677.png,17135
images-21678.png,17136
images-21679.png,17137
images-21680.png,17138
images-21681.png,17139
images-21682.png,17140
images-21683.png,17141
images-21684.png,17142
images-21685.png,17143
images-21686.png,17144
images-21687.png,17145
images-21688.png,17146
images-21689.png,17147
images-21690.png,17148
images-21691.png,17149
images-21692.png,17150
images-21693.png,17151
images-21694.png,17152
images-21695.png,17153
images-21696.png,17154
images-21697.png,17155
images-21698.png,17156
images-21699.png,17157
images-21700.png,17158
images-21701.png,17159
images-21702.png,17160
images-21703.png,17161
images-21704.png,17162
images-21705.png,17163
images-21706.png,17164
images-21707.png,17165
images-21708.png,17166
images-21709.png,17167
images-21710.png,17168
images-21711.png,17169
images-21712.png,17170
images-21713.png,17171
images-21714.png,17172
images-21715.png,17173
images-21716.png,17174
images-21717.png,17175
images-21718.png,17176
images-21719.png,17177
images-21720.png,17178
images-21721.png,17179
images-21722.png,17180
images-21723.png,17181
images-21724.png,17182
images-21725.png,17183
images-21726.png,17184
images-21727.png,17185
images-21728.png,17186
images-21729.png,17187
images-21730.png,17188
images-21731.png,17189
images-21732.png,17190
images-21733.png,17191
images-21734.png,17192
images-21735.png,17193
images-21736.png,17194
images-21737.png,17195
images-21738.png,17196
images-21739.png,17197
images-21740.png,17198
images-21741.png,17199
images-21742.png,17200
images-21743.png,17201
images-21744.png,17202
images-21745.png,17203
images-21746.png,17204
images-21747.png,17205
images-21748.png,17206
images-21749.png,17207
images-21750.png,17208
images-21751.png,17209
images-21752.png,17210
images-21753.png,17211
images-21754.png,17212
images-21755.png,17213
images-21756.png,17214
images-21757.png,17215
images-21758.png,17216
images-21759.png,17217
images-21760.png,17218
images-21761.png,17219
images-21762.png,17220
images-21763.png,17221
images-21764.png,17222
images-21765.png,17223
images-21766.png,17224
images-21767.png,17225
images-21768.png,17226
images-21769.png,17227
images-21770.png,17228
images-21771.png,17229
images-21772.png,17230
images-21773.png,17231
images-21774.png,17232
images-21775.png,17233
images-21776.png,17234
images-21777.png,17235
images-21778.png,17236
images-21779.png,17237
images-21780.png,17238
images-21781.png,17239
images-21782.png,17240
images-21783.png,17241
images-21784.png,17242
images-21785.png,17243
images-21786.png,17244
images-21787.png,17245
images-21788.png,17246
images-21789.png,17247
images-21790.png,17248
images-21791.png,17249
images-21792.png,17250
images-21793.png,17251
images-21794.png,17252
images-21795.png,17253
images-21796.png,17254
images-21797.png,17255
images-21798.png,17256
images-21799.png,17257
images-21800.png,17258
images-21801.png,17259
images-21802.png,17260
images-21803.png,17261
images-21804.png,17262
images-21805.png,17263
images-21806.png,17264
images-21807.png,17265
images-21808.png,17266
images-21809.png,17267
images-21810.png,17268
images-21811.png,17269
images-21812.png,17270
images-21813.png,17271
images-21814.png,17272
images-21815.png,17273
images-21816.png,17274
images-21817.png,17275
images-21818.png,17276
images-21819.png,17277
images-21820.png,17278
images-21821.png,17279
images-21822.png,17280
images-21823.png,17281
images-21824.png,17282
images-21825.png,17283
images-21826.png,17284
images-21827.png,17285
images-21828.png,17286
images-21829.png,17287
images-21830.png,17288
images-21831.png,17289
images-21872.png,17290
images-21873.png,17291
images-21874.png,17292
images-21875.png,17293
images-21876.png,17294
images-21877.png,17295
images-21878.png,17296
images-21879.png,17297
images-21880.png,17298
images-21881.png,17299
images-21882.png,17300
images-21883.png,17301
images-21884.png,17302
images-21885.png,17303
images-21886.png,17304
images-21887.png,17305
images-21888.png,17306
images-21889.png,17307
images-21890.png,17308
images-21891.png,17309
images-21892.png,17310
images-21893.png,17311
images-21894.png,17312
images-21895.png,17313
images-21896.png,17314
images-21897.png,17315
images-21898.png,17316
images-21899.png,17317
images-21900.png,17318
images-21901.png,17319
images-21902.png,17320
images-21903.png,17321
images-21904.png,17322
images-21905.png,17323
images-21906.png,17324
images-21907.png,17325
images-21908.png,17326
images-21909.png,17327
images-21910.png,17328
images-21911.png,17329
images-21912.png,17330
images-21913.png,17331
images-21914.png,17332
images-21915.png,17333
images-21916.png,17334
images-21917.png,17335
images-21918.png,17336
images-21919.png,17337
images-21920.png,17338
images-21921.png,17339
images-21922.png,17340
images-21923.png,17341
images-21924.png,17342
images-21925.png,17343
images-21926.png,17344
images-21927.png,17345
images-21928.png,17346
images-21929.png,17347
images-21930.png,17348
images-21931.png,17349
images-21932.png,17350
images-21933.png,17351
images-21934.png,17352
images-21935.png,17353
images-21936.png,17354
images-21937.png,17355
images-21938.png,17356
images-21939.png,17357
images-21940.png,17358
images-21941.png,17359
images-21942.png,17360
images-21943.png,17361
images-21944.png,17362
images-21945.png,17363
images-21946.png,17364
images-21961.png,17365
images-21962.png,17366
images-21963.png,17367
images-21964.png,17368
images-21965.png,17369
images-21966.png,17370
images-21967.png,17371
images-21968.png,17372
images-21969.png,17373
images-21970.png,17374
images-21971.png,17375
images-21972.png,17376
images-21973.png,17377
images-21974.png,17378
images-21975.png,17379
images-21976.png,17380
images-21977.png,17381
images-21978.png,17382
images-21979.png,17383
images-21980.png,17384
images-21981.png,17385
images-21982.png,17386
images-21983.png,17387
images-21984.png,17388
images-21985.png,17389
images-22003.png,17390
images-22004.png,17391
images-22005.png,17392
images-22006.png,17393
images-22007.png,17394
images-22008.png,17395
images-22009.png,17396
images-22010.png,17397
images-22011.png,17398
images-22012.png,17399
images-22013.png,17400
images-22030.png,17401
images-22031.png,17402
images-22032.png,17403
images-22033.png,17404
images-22034.png,17405
images-22035.png,17406
images-22036.png,17407
images-22048.png,17408
images-22049.png,17409
images-22050.png,17410
images-22051.png,17411
images-22052.png,17412
images-22053.png,17413
images-22054.png,17414
images-22055.png,17415
images-22056.png,17416
images-22057.png,17417
images-22058.png,17418
images-22059.png,17419
images-22060.png,17420
images-22061.png,17421
images-22062.png,17422
images-22063.png,17423
images-22064.png,17424
images-22065.png,17425
images-22066.png,17426
images-22067.png,17427
images-22068.png,17428
images-22069.png,17429
images-22070.png,17430
images-22071.png,17431
images-22072.png,17432
images-22073.png,17433
images-22074.png,17434
images-22075.png,17435
images-22076.png,17436
images-22077.png,17437
images-22078.png,17438
images-22079.png,17439
images-22080.png,17440
images-22081.png,17441
images-22082.png,17442
images-22083.png,17443
images-22084.png,17444
images-22085.png,17445
images-22086.png,17446
images-22087.png,17447
images-22088.png,17448
images-22089.png,17449
images-22090.png,17450
images-22091.png,17451
images-22092.png,17452
images-22093.png,17453
images-22094.png,17454
images-22095.png,17455
images-22096.png,17456
images-22097.png,17457
images-22098.png,17458
images-22099.png,17459
images-22100.png,17460
images-22101.png,17461
images-22102.png,17462
images-22103.png,17463
images-22104.png,17464
images-22105.png,17465
images-22106.png,17466
images-22107.png,17467
images-22108.png,17468
images-22109.png,17469
images-22110.png,17470
images-22111.png,17471
images-22112.png,17472
images-22113.png,17473
images-22114.png,17474
images-22115.png,17475
images-22116.png,17476
images-22117.png,17477
images-22118.png,17478
images-22119.png,17479
images-22120.png,17480
images-22121.png,17481
images-22122.png,17482
images-22123.png,17483
images-22124.png,17484
images-22125.png,17485
images-22126.png,17486
images-22127.png,17487
images-22128.png,17488
images-22129.png,17489
images-22130.png,17490
images-22131.png,17491
images-22132.png,17492
images-22133.png,17493
images-22134.png,17494
images-22135.png,17495
images-22136.png,17496
images-22137.png,17497
images-22138.png,17498
images-22139.png,17499
images-22140.png,17500
images-22141.png,17501
images-22142.png,17502
images-22143.png,17503
images-22144.png,17504
images-22145.png,17505
images-22146.png,17506
images-22147.png,17507
images-22148.png,17508
images-22152.png,17509
images-22153.png,17510
images-22154.png,17511
images-22155.png,17512
images-22156.png,17513
images-22157.png,17514
images-22158.png,17515
images-22159.png,17516
images-22160.png,17517
images-22161.png,17518
images-22162.png,17519
images-22163.png,17520
images-22164.png,17521
images-22165.png,17522
images-22166.png,17523
images-22167.png,17524
images-22168.png,17525
images-22169.png,17526
images-22170.png,17527
images-22171.png,17528
images-22172.png,17529
images-22173.png,17530
images-22197.png,17531
images-22198.png,17532
images-22199.png,17533
images-22200.png,17534
images-22201.png,17535
images-22202.png,17536
images-22203.png,17537
images-22204.png,17538
images-22205.png,17539
images-22206.png,17540
images-22207.png,17541
images-22208.png,17542
images-22209.png,17543
images-22210.png,17544
images-22211.png,17545
images-22241.png,17546
images-22242.png,17547
images-22243.png,17548
images-22244.png,17549
images-22245.png,17550
images-22246.png,17551
images-22247.png,17552
images-22248.png,17553
images-22251.png,17554
images-22252.png,17555
images-22253.png,17556
images-22254.png,17557
images-22255.png,17558
images-22256.png,17559
images-22257.png,17560
images-22258.png,17561
images-22259.png,17562
images-22260.png,17563
images-22261.png,17564
images-22262.png,17565
images-22269.png,17566
images-22270.png,17567
images-22271.png,17568
images-22272.png,17569
images-22273.png,17570
images-22274.png,17571
images-22275.png,17572
images-22276.png,17573
images-22277.png,17574
images-22278.png,17575
images-22344.png,17576
images-22345.png,17577
images-22346.png,17578
images-22347.png,17579
images-22348.png,17580
images-22349.png,17581
images-22350.png,17582
images-22351.png,17583
images-22352.png,17584
images-22353.png,17585
images-22354.png,17586
images-22355.png,17587
images-22356.png,17588
images-22357.png,17589
images-22361.png,17590
images-22362.png,17591
images-22363.png,17592
images-22364.png,17593
images-22365.png,17594
images-22366.png,17595
images-22367.png,17596
images-22368.png,17597
images-22369.png,17598
images-22370.png,17599
images-22371.png,17600
images-22372.png,17601
images-22373.png,17602
images-22374.png,17603
images-22375.png,17604
images-22376.png,17605
images-22377.png,17606
images-22378.png,17607
images-22379.png,17608
images-22380.png,17609
images-22381.png,17610
images-22382.png,17611
images-22383.png,17612
images-22384.png,17613
images-22385.png,17614
images-22386.png,17615
images-22387.png,17616
images-22388.png,17617
images-22389.png,17618
images-22390.png,17619
images-22391.png,17620
images-22392.png,17621
images-22393.png,17622
images-22394.png,17623
images-22395.png,17624
images-22396.png,17625
images-22430.png,17626
images-22431.png,17627
images-22432.png,17628
images-22433.png,17629
images-22434.png,17630
images-22435.png,17631
images-22436.png,17632
images-22437.png,17633
images-22438.png,17634
images-22439.png,17635
images-22440.png,17636
images-22441.png,17637
images-22450.png,17638
images-22451.png,17639
images-22452.png,17640
images-22453.png,17641
images-22454.png,17642
images-22455.png,17643
images-22456.png,17644
images-22457.png,17645
images-22458.png,17646
images-22459.png,17647
images-22460.png,17648
images-22461.png,17649
images-22462.png,17650
images-22463.png,17651
images-22464.png,17652
images-22465.png,17653
images-22466.png,17654
images-22467.png,17655
images-22468.png,17656
images-22469.png,17657
images-22470.png,17658
images-22471.png,17659
images-22472.png,17660
images-22473.png,17661
images-22474.png,17662
images-22475.png,17663
images-22476.png,17664
images-22477.png,17665
images-22478.png,17666
images-22479.png,17667
images-22480.png,17668
images-22481.png,17669
images-22482.png,17670
images-22502.png,17671
images-22503.png,17672
images-22504.png,17673
images-22505.png,17674
images-22506.png,17675
images-22507.png,17676
images-22508.png,17677
images-22509.png,17678
images-22510.png,17679
images-22511.png,17680
images-22512.png,17681
images-22513.png,17682
images-22514.png,17683
images-22515.png,17684
images-22516.png,17685
images-22517.png,17686
images-22518.png,17687
images-22519.png,17688
images-22520.png,17689
images-22521.png,17690
images-22522.png,17691
images-22523.png,17692
images-22524.png,17693
images-22525.png,17694
images-22526.png,17695
images-22527.png,17696
images-22528.png,17697
images-22529.png,17698
images-22530.png,17699
images-22531.png,17700
images-22532.png,17701
images-22533.png,17702
images-22534.png,17703
images-22535.png,17704
images-22536.png,17705
images-22537.png,17706
images-22538.png,17707
images-22539.png,17708
images-22540.png,17709
images-22541.png,17710
images-22542.png,17711
images-22543.png,17712
images-22544.png,17713
images-22545.png,17714
images-22546.png,17715
images-22547.png,17716
images-22548.png,17717
images-22549.png,17718
images-22550.png,17719
images-22551.png,17720
images-22552.png,17721
images-22553.png,17722
images-22554.png,17723
images-22555.png,17724
images-22556.png,17725
images-22557.png,17726
images-22558.png,17727
images-22559.png,17728
images-22560.png,17729
images-22561.png,17730
images-22562.png,17731
images-22563.png,17732
images-22564.png,17733
images-22565.png,17734
images-22566.png,17735
images-22567.png,17736
images-22568.png,17737
images-22569.png,17738
images-22570.png,17739
images-22578.png,17740
images-22579.png,17741
images-22580.png,17742
images-22581.png,17743
images-22582.png,17744
images-22583.png,17745
images-22584.png,17746
images-22585.png,17747
images-22586.png,17748
images-22587.png,17749
images-22588.png,17750
images-22589.png,17751
images-22590.png,17752
images-22591.png,17753
images-22592.png,17754
images-22596.png,17755
images-22597.png,17756
images-22598.png,17757
images-22599.png,17758
images-22600.png,17759
images-22601.png,17760
images-22602.png,17761
images-22603.png,17762
images-22604.png,17763
images-22605.png,17764
images-22606.png,17765
images-22607.png,17766
images-22608.png,17767
images-22609.png,17768
images-22610.png,17769
images-22611.png,17770
images-22612.png,17771
images-22613.png,17772
images-22614.png,17773
images-22615.png,17774
images-22616.png,17775
images-22617.png,17776
images-22618.png,17777
images-22619.png,17778
images-22620.png,17779
images-22621.png,17780
images-22622.png,17781
images-22623.png,17782
images-22624.png,17783
images-22625.png,17784
images-22626.png,17785
images-22627.png,17786
images-22628.png,17787
images-22629.png,17788
images-22630.png,17789
images-22631.png,17790
images-22632.png,17791
images-22633.png,17792
images-22634.png,17793
images-22635.png,17794
images-22636.png,17795
images-22637.png,17796
images-22638.png,17797
images-22639.png,17798
images-22640.png,17799
images-22641.png,17800
images-22642.png,17801
images-22643.png,17802
images-22644.png,17803
images-22645.png,17804
images-22646.png,17805
images-22647.png,17806
images-22648.png,17807
images-22649.png,17808
images-22650.png,17809
images-22651.png,17810
images-22652.png,17811
images-22653.png,17812
images-22654.png,17813
images-22655.png,17814
images-22656.png,17815
images-22657.png,17816
images-22658.png,17817
images-22659.png,17818
images-22660.png,17819
images-22661.png,17820
images-22662.png,17821
images-22663.png,17822
images-22664.png,17823
images-22665.png,17824
images-22666.png,17825
images-22667.png,17826
images-22668.png,17827
images-22669.png,17828
images-22670.png,17829
images-22671.png,17830
images-22672.png,17831
images-22673.png,17832
images-22674.png,17833
images-22675.png,17834
images-22676.png,17835
images-22677.png,17836
images-22678.png,17837
images-22679.png,17838
images-22680.png,17839
images-22681.png,17840
images-22682.png,17841
images-22683.png,17842
images-22684.png,17843
images-22685.png,17844
images-22686.png,17845
images-22687.png,17846
images-22688.png,17847
images-22689.png,17848
images-22690.png,17849
images-22691.png,17850
images-22692.png,17851
images-22693.png,17852
images-22694.png,17853
images-22695.png,17854
images-22696.png,17855
images-22697.png,17856
images-22698.png,17857
images-22699.png,17858
images-22700.png,17859
images-22701.png,17860
images-22702.png,17861
images-22703.png,17862
images-22704.png,17863
images-22705.png,17864
images-22706.png,17865
images-22707.png,17866
images-22708.png,17867
images-22709.png,17868
images-22710.png,17869
images-22711.png,17870
images-22712.png,17871
images-22713.png,17872
images-22714.png,17873
images-22715.png,17874
images-22716.png,17875
images-22717.png,17876
images-22718.png,17877
images-22719.png,17878
images-22720.png,17879
images-22721.png,17880
images-22722.png,17881
images-22723.png,17882
images-22724.png,17883
images-22725.png,17884
images-22726.png,17885
images-22727.png,17886
images-22728.png,17887
images-22729.png,17888
images-22730.png,17889
images-22731.png,17890
images-22732.png,17891
images-22733.png,17892
images-22734.png,17893
images-22735.png,17894
images-22736.png,17895
images-22737.png,17896
images-22738.png,17897
images-22739.png,17898
images-22740.png,17899
images-22741.png,17900
images-22742.png,17901
images-22743.png,17902
images-22744.png,17903
images-22745.png,17904
images-22746.png,17905
images-22747.png,17906
images-22748.png,17907
images-22749.png,17908
images-22750.png,17909
images-22751.png,17910
images-22752.png,17911
images-22753.png,17912
images-22754.png,17913
images-22755.png,17914
images-22756.png,17915
images-22757.png,17916
images-22758.png,17917
images-22759.png,17918
images-22760.png,17919
images-22761.png,17920
images-22762.png,17921
images-22763.png,17922
images-22764.png,17923
images-22765.png,17924
images-22766.png,17925
images-22767.png,17926
images-22768.png,17927
images-22769.png,17928
images-22770.png,17929
images-22771.png,17930
images-22772.png,17931
images-22773.png,17932
images-22774.png,17933
images-22775.png,17934
images-22776.png,17935
images-22777.png,17936
images-22778.png,17937
images-22779.png,17938
images-22780.png,17939
images-22781.png,17940
images-22782.png,17941
images-22783.png,17942
images-22784.png,17943
images-22785.png,17944
images-22786.png,17945
images-22892.png,17946
images-22893.png,17947
images-22894.png,17948
images-22895.png,17949
images-22896.png,17950
images-22897.png,17951
images-22898.png,17952
images-22899.png,17953
images-22900.png,17954
images-22901.png,17955
images-22902.png,17956
images-22903.png,17957
images-22904.png,17958
images-22905.png,17959
images-22906.png,17960
images-22907.png,17961
images-22908.png,17962
images-22909.png,17963
images-22910.png,17964
images-22911.png,17965
images-22912.png,17966
images-22913.png,17967
images-22914.png,17968
images-22915.png,17969
images-22916.png,17970
images-22917.png,17971
images-22918.png,17972
images-22919.png,17973
images-22920.png,17974
images-22921.png,17975
images-22922.png,17976
images-22923.png,17977
images-22924.png,17978
images-22925.png,17979
images-22926.png,17980
images-22927.png,17981
images-22928.png,17982
images-22929.png,17983
images-22930.png,17984
images-22931.png,17985
images-22932.png,17986
images-22933.png,17987
images-22934.png,17988
images-22935.png,17989
images-22936.png,17990
images-22937.png,17991
images-22938.png,17992
images-22939.png,17993
images-22940.png,17994
images-22941.png,17995
images-22942.png,17996
images-22943.png,17997
images-22950.png,17998
images-22951.png,17999
images-22952.png,18000
images-22953.png,18001
images-22954.png,18002
images-22955.png,18003
images-22956.png,18004
images-22957.png,18005
images-22958.png,18006
images-22959.png,18007
images-22960.png,18008
images-22961.png,18009
images-22962.png,18010
images-22963.png,18011
images-22964.png,18012
images-22965.png,18013
images-22966.png,18014
images-22967.png,18015
images-22968.png,18016
images-22969.png,18017
images-22970.png,18018
images-22971.png,18019
images-22972.png,18020
images-22973.png,18021
images-22974.png,18022
images-22975.png,18023
images-22976.png,18024
images-22977.png,18025
images-22978.png,18026
images-22979.png,18027
images-22980.png,18028
images-22981.png,18029
images-22982.png,18030
images-22983.png,18031
images-22984.png,18032
images-22985.png,18033
images-22986.png,18034
images-22987.png,18035
images-22988.png,18036
images-22989.png,18037
images-22990.png,18038
images-22991.png,18039
images-22992.png,18040
images-22993.png,18041
images-22994.png,18042
images-22995.png,18043
images-22996.png,18044
images-22997.png,18045
images-22998.png,18046
images-23004.png,18047
images-23005.png,18048
images-23006.png,18049
images-23007.png,18050
images-23008.png,18051
images-23009.png,18052
images-23010.png,18053
images-23011.png,18054
images-23012.png,18055
images-23013.png,18056
images-23014.png,18057
images-23015.png,18058
images-23016.png,18059
images-23017.png,18060
images-23018.png,18061
images-23019.png,18062
images-23020.png,18063
images-23021.png,18064
images-23022.png,18065
images-23023.png,18066
images-23024.png,18067
images-23025.png,18068
images-23029.png,18069
images-23030.png,18070
images-23031.png,18071
images-23032.png,18072
images-23033.png,18073
images-23034.png,18074
images-23035.png,18075
images-23036.png,18076
images-23037.png,18077
images-23038.png,18078
images-23039.png,18079
images-23040.png,18080
images-23041.png,18081
images-23042.png,18082
images-23043.png,18083
images-23044.png,18084
images-23049.png,18085
images-23050.png,18086
images-23051.png,18087
images-23052.png,18088
images-23053.png,18089
images-23054.png,18090
images-23055.png,18091
images-23056.png,18092
images-23057.png,18093
images-23058.png,18094
images-23059.png,18095
images-23060.png,18096
images-23061.png,18097
images-23062.png,18098
images-23063.png,18099
images-23064.png,18100
images-23065.png,18101
images-23066.png,18102
images-23067.png,18103
images-23068.png,18104
images-23069.png,18105
images-23070.png,18106
images-23071.png,18107
images-23072.png,18108
images-23073.png,18109
images-23074.png,18110
images-23075.png,18111
images-23076.png,18112
images-23077.png,18113
images-23078.png,18114
images-23079.png,18115
images-23080.png,18116
images-23081.png,18117
images-23082.png,18118
images-23083.png,18119
images-23084.png,18120
images-23085.png,18121
images-23086.png,18122
images-23087.png,18123
images-23088.png,18124
images-23089.png,18125
images-23090.png,18126
images-23091.png,18127
images-23092.png,18128
images-23093.png,18129
images-23094.png,18130
images-23095.png,18131
images-23096.png,18132
images-23097.png,18133
images-23098.png,18134
images-23099.png,18135
images-23100.png,18136
images-23101.png,18137
images-23102.png,18138
images-23103.png,18139
images-23104.png,18140
images-23105.png,18141
images-23106.png,18142
images-23107.png,18143
images-23108.png,18144
images-23109.png,18145
images-23110.png,18146
images-23111.png,18147
images-23112.png,18148
images-23113.png,18149
images-23114.png,18150
images-23115.png,18151
images-23116.png,18152
images-23117.png,18153
images-23118.png,18154
images-23119.png,18155
images-23120.png,18156
images-23121.png,18157
images-23122.png,18158
images-23123.png,18159
images-23124.png,18160
images-23125.png,18161
images-23126.png,18162
images-23127.png,18163
images-23128.png,18164
images-23129.png,18165
images-23130.png,18166
images-23131.png,18167
images-23132.png,18168
images-23133.png,18169
images-23134.png,18170
images-23135.png,18171
images-23136.png,18172
images-23137.png,18173
images-23138.png,18174
images-23139.png,18175
images-23140.png,18176
images-23148.png,18177
images-23149.png,18178
images-23150.png,18179
images-23151.png,18180
images-23152.png,18181
images-23153.png,18182
images-23154.png,18183
images-23155.png,18184
images-23156.png,18185
images-23157.png,18186
images-23158.png,18187
images-23159.png,18188
images-23160.png,18189
images-23161.png,18190
images-23162.png,18191
images-23163.png,18192
images-23164.png,18193
images-23165.png,18194
images-23171.png,18195
images-23172.png,18196
images-23173.png,18197
images-23174.png,18198
images-23175.png,18199
images-23176.png,18200
images-23177.png,18201
images-23178.png,18202
images-23179.png,18203
images-23180.png,18204
images-23181.png,18205
images-23182.png,18206
images-23183.png,18207
images-23184.png,18208
images-23185.png,18209
images-23186.png,18210
images-23187.png,18211
images-23188.png,18212
images-23189.png,18213
images-23190.png,18214
images-23191.png,18215
images-23192.png,18216
images-23193.png,18217
images-23194.png,18218
images-23195.png,18219
images-23196.png,18220
images-23214.png,18221
images-23215.png,18222
images-23216.png,18223
images-23217.png,18224
images-23218.png,18225
images-23219.png,18226
images-23220.png,18227
images-23221.png,18228
images-23222.png,18229
images-23223.png,18230
images-23224.png,18231
images-23225.png,18232
images-23226.png,18233
images-23227.png,18234
images-23228.png,18235
images-23229.png,18236
images-23230.png,18237
images-23231.png,18238
images-23232.png,18239
images-23233.png,18240
images-23234.png,18241
images-23235.png,18242
images-23236.png,18243
images-23237.png,18244
images-23238.png,18245
images-23239.png,18246
images-23240.png,18247
images-23241.png,18248
images-23242.png,18249
images-23243.png,18250
images-23244.png,18251
images-23245.png,18252
images-23246.png,18253
images-23247.png,18254
images-23248.png,18255
images-23249.png,18256
images-23250.png,18257
images-23251.png,18258
images-23252.png,18259
images-23253.png,18260
images-23254.png,18261
images-23255.png,18262
images-23256.png,18263
images-23257.png,18264
images-23258.png,18265
images-23259.png,18266
images-23260.png,18267
images-23261.png,18268
images-23262.png,18269
images-23263.png,18270
images-23264.png,18271
images-23265.png,18272
images-23266.png,18273
images-23267.png,18274
images-23268.png,18275
images-23269.png,18276
images-23270.png,18277
images-23271.png,18278
images-23272.png,18279
images-23273.png,18280
images-23274.png,18281
images-23275.png,18282
images-23276.png,18283
images-23277.png,18284
images-23278.png,18285
images-23279.png,18286
images-23280.png,18287
images-23281.png,18288
images-23282.png,18289
images-23283.png,18290
images-23284.png,18291
images-23285.png,18292
images-23286.png,18293
images-23287.png,18294
images-23288.png,18295
images-23289.png,18296
images-23290.png,18297
images-23291.png,18298
images-23292.png,18299
images-23293.png,18300
images-23294.png,18301
images-23295.png,18302
images-23296.png,18303
images-23297.png,18304
images-23298.png,18305
images-23299.png,18306
images-23300.png,18307
images-23301.png,18308
images-23302.png,18309
images-23303.png,18310
images-23304.png,18311
images-23305.png,18312
images-23306.png,18313
images-23307.png,18314
images-23308.png,18315
images-23309.png,18316
images-23310.png,18317
images-23311.png,18318
images-23312.png,18319
images-23313.png,18320
images-23314.png,18321
images-23315.png,18322
images-23316.png,18323
images-23317.png,18324
images-23318.png,18325
images-23319.png,18326
images-23320.png,18327
images-23321.png,18328
images-23322.png,18329
images-23323.png,18330
images-23324.png,18331
images-23325.png,18332
images-23326.png,18333
images-23327.png,18334
images-23328.png,18335
images-23329.png,18336
images-23330.png,18337
images-23331.png,18338
images-23332.png,18339
images-23333.png,18340
images-23334.png,18341
images-23335.png,18342
images-23336.png,18343
images-23337.png,18344
images-23338.png,18345
images-23339.png,18346
images-23340.png,18347
images-23341.png,18348
images-23342.png,18349
images-23343.png,18350
images-23344.png,18351
images-23345.png,18352
images-23346.png,18353
images-23347.png,18354
images-23348.png,18355
images-23349.png,18356
images-23350.png,18357
images-23351.png,18358
images-23352.png,18359
images-23353.png,18360
images-23354.png,18361
images-23355.png,18362
images-23356.png,18363
images-23357.png,18364
images-23358.png,18365
images-23359.png,18366
images-23360.png,18367
images-23361.png,18368
images-23362.png,18369
images-23363.png,18370
images-23364.png,18371
images-23365.png,18372
images-23366.png,18373
images-23367.png,18374
images-23368.png,18375
images-23369.png,18376
images-23370.png,18377
images-23371.png,18378
images-23372.png,18379
images-23373.png,18380
images-23374.png,18381
images-23375.png,18382
images-23376.png,18383
images-23377.png,18384
images-23378.png,18385
images-23379.png,18386
images-23380.png,18387
images-23381.png,18388
images-23382.png,18389
images-23383.png,18390
images-23384.png,18391
images-23385.png,18392
images-23386.png,18393
images-23387.png,18394
images-23388.png,18395
images-23389.png,18396
images-23390.png,18397
images-23391.png,18398
images-23392.png,18399
images-23393.png,18400
images-23394.png,18401
images-23395.png,18402
images-23396.png,18403
images-23397.png,18404
images-23398.png,18405
images-23399.png,18406
images-23400.png,18407
images-23401.png,18408
images-23407.png,18409
images-23408.png,18410
images-23409.png,18411
images-23410.png,18412
images-23411.png,18413
images-23412.png,18414
images-23413.png,18415
images-23414.png,18416
images-23415.png,18417
images-23416.png,18418
images-23417.png,18419
images-23418.png,18420
images-23419.png,18421
images-23420.png,18422
images-23421.png,18423
images-23422.png,18424
images-23423.png,18425
images-23424.png,18426
images-23425.png,18427
images-23426.png,18428
images-23427.png,18429
images-23428.png,18430
images-23429.png,18431
images-23430.png,18432
images-23431.png,18433
images-23432.png,18434
images-23433.png,18435
images-23434.png,18436
images-23435.png,18437
images-23436.png,18438
images-23437.png,18439
images-23438.png,18440
images-23439.png,18441
images-23440.png,18442
images-23441.png,18443
images-23442.png,18444
images-23443.png,18445
images-23444.png,18446
images-23445.png,18447
images-23446.png,18448
images-23447.png,18449
images-23448.png,18450
images-23449.png,18451
images-23450.png,18452
images-23451.png,18453
images-23452.png,18454
images-23453.png,18455
images-23454.png,18456
images-23455.png,18457
images-23456.png,18458
images-23457.png,18459
images-23458.png,18460
images-23459.png,18461
images-23460.png,18462
images-23461.png,18463
images-23462.png,18464
images-23463.png,18465
images-23464.png,18466
images-23465.png,18467
images-23466.png,18468
images-23467.png,18469
images-23468.png,18470
images-23469.png,18471
images-23470.png,18472
images-23471.png,18473
images-23472.png,18474
images-23473.png,18475
images-23474.png,18476
images-23475.png,18477
images-23476.png,18478
images-23477.png,18479
images-23478.png,18480
images-23479.png,18481
images-23480.png,18482
images-23481.png,18483
images-23482.png,18484
images-23483.png,18485
images-23484.png,18486
images-23485.png,18487
images-23493.png,18488
images-23494.png,18489
images-23495.png,18490
images-23503.png,18491
images-23504.png,18492
images-23505.png,18493
images-23506.png,18494
images-23507.png,18495
images-23508.png,18496
images-23509.png,18497
images-23510.png,18498
images-23511.png,18499
images-23512.png,18500
images-23513.png,18501
images-23514.png,18502
images-23515.png,18503
images-23516.png,18504
images-23517.png,18505
images-23518.png,18506
images-23534.png,18507
images-23535.png,18508
images-23536.png,18509
images-23537.png,18510
images-23538.png,18511
images-23539.png,18512
images-23540.png,18513
images-23541.png,18514
images-23542.png,18515
images-23543.png,18516
images-23544.png,18517
images-23545.png,18518
images-23546.png,18519
images-23547.png,18520
images-23548.png,18521
images-23549.png,18522
images-23550.png,18523
images-23551.png,18524
images-23552.png,18525
images-23553.png,18526
images-23554.png,18527
images-23555.png,18528
images-23556.png,18529
images-23557.png,18530
images-23558.png,18531
images-23559.png,18532
images-23560.png,18533
images-23561.png,18534
images-23562.png,18535
images-23563.png,18536
images-23564.png,18537
images-23565.png,18538
images-23566.png,18539
images-23567.png,18540
images-23568.png,18541
images-23569.png,18542
images-23570.png,18543
images-23577.png,18544
images-23578.png,18545
images-23579.png,18546
images-23580.png,18547
images-23581.png,18548
images-23582.png,18549
images-23583.png,18550
images-23584.png,18551
images-23585.png,18552
images-23586.png,18553
images-23587.png,18554
images-23588.png,18555
images-23589.png,18556
images-23590.png,18557
images-23591.png,18558
images-23592.png,18559
images-23598.png,18560
images-23599.png,18561
images-23600.png,18562
images-23601.png,18563
images-23602.png,18564
images-23603.png,18565
images-23604.png,18566
images-23605.png,18567
images-23606.png,18568
images-23607.png,18569
images-23608.png,18570
images-23609.png,18571
images-23610.png,18572
images-23611.png,18573
images-23612.png,18574
images-23613.png,18575
images-23614.png,18576
images-23615.png,18577
images-23616.png,18578
images-23617.png,18579
images-23618.png,18580
images-23619.png,18581
images-23620.png,18582
images-23621.png,18583
images-23622.png,18584
images-23623.png,18585
images-23624.png,18586
images-23625.png,18587
images-23626.png,18588
images-23627.png,18589
images-23628.png,18590
images-23629.png,18591
images-23630.png,18592
images-23631.png,18593
images-23632.png,18594
images-23633.png,18595
images-23634.png,18596
images-23635.png,18597
images-23636.png,18598
images-23637.png,18599
images-23638.png,18600
images-23639.png,18601
images-23640.png,18602
images-23641.png,18603
images-23642.png,18604
images-23643.png,18605
images-23644.png,18606
images-23645.png,18607
images-23646.png,18608
images-23647.png,18609
images-23648.png,18610
images-23649.png,18611
images-23650.png,18612
images-23651.png,18613
images-23652.png,18614
images-23653.png,18615
images-23654.png,18616
images-23655.png,18617
images-23656.png,18618
images-23657.png,18619
images-23658.png,18620
images-23659.png,18621
images-23660.png,18622
images-23661.png,18623
images-23662.png,18624
images-23663.png,18625
images-23664.png,18626
images-23665.png,18627
images-23675.png,18628
images-23676.png,18629
images-23677.png,18630
images-23678.png,18631
images-23679.png,18632
images-23680.png,18633
images-23681.png,18634
images-23682.png,18635
images-23683.png,18636
images-23684.png,18637
images-23685.png,18638
images-23686.png,18639
images-23687.png,18640
images-23688.png,18641
images-23689.png,18642
images-23690.png,18643
images-23703.png,18644
images-23704.png,18645
images-23705.png,18646
images-23706.png,18647
images-23711.png,18648
images-23712.png,18649
images-23713.png,18650
images-23714.png,18651
images-23715.png,18652
images-23716.png,18653
images-23717.png,18654
images-23718.png,18655
images-23719.png,18656
images-23720.png,18657
images-23721.png,18658
images-23722.png,18659
images-23723.png,18660
images-23724.png,18661
images-23725.png,18662
images-23726.png,18663
images-23727.png,18664
images-23728.png,18665
images-23729.png,18666
images-23730.png,18667
images-23731.png,18668
images-23732.png,18669
images-23733.png,18670
images-23734.png,18671
images-23735.png,18672
images-23736.png,18673
images-23737.png,18674
images-23738.png,18675
images-23739.png,18676
images-23740.png,18677
images-23741.png,18678
images-23742.png,18679
images-23743.png,18680
images-23744.png,18681
images-23745.png,18682
images-23746.png,18683
images-23747.png,18684
images-23748.png,18685
images-23749.png,18686
images-23750.png,18687
images-23751.png,18688
images-23752.png,18689
images-23753.png,18690
images-23754.png,18691
images-23755.png,18692
images-23756.png,18693
images-23757.png,18694
images-23758.png,18695
images-23759.png,18696
images-23760.png,18697
images-23761.png,18698
images-23762.png,18699
images-23763.png,18700
images-23764.png,18701
images-23765.png,18702
images-23766.png,18703
images-23767.png,18704
images-23768.png,18705
images-23769.png,18706
images-23770.png,18707
images-23771.png,18708
images-23772.png,18709
images-23773.png,18710
images-23774.png,18711
images-23775.png,18712
images-23776.png,18713
images-23777.png,18714
images-23778.png,18715
images-23779.png,18716
images-23780.png,18717
images-23781.png,18718
images-23782.png,18719
images-23783.png,18720
images-23784.png,18721
images-23785.png,18722
images-23786.png,18723
images-23787.png,18724
images-23788.png,18725
images-23789.png,18726
images-23790.png,18727
images-23791.png,18728
images-23792.png,18729
images-23793.png,18730
images-23794.png,18731
images-23795.png,18732
images-23796.png,18733
images-23797.png,18734
images-23798.png,18735
images-23799.png,18736
images-23800.png,18737
images-23801.png,18738
images-23802.png,18739
images-23803.png,18740
images-23804.png,18741
images-23805.png,18742
images-23806.png,18743
images-23807.png,18744
images-23808.png,18745
images-23809.png,18746
images-23810.png,18747
images-23811.png,18748
images-23812.png,18749
images-23813.png,18750
images-23814.png,18751
images-23815.png,18752
images-23816.png,18753
images-23817.png,18754
images-23818.png,18755
images-23819.png,18756
images-23820.png,18757
images-23821.png,18758
images-23822.png,18759
images-23823.png,18760
images-23824.png,18761
images-23825.png,18762
images-23826.png,18763
images-23827.png,18764
images-23828.png,18765
images-23829.png,18766
images-23830.png,18767
images-23831.png,18768
images-23832.png,18769
images-23833.png,18770
images-23834.png,18771
images-23835.png,18772
images-23836.png,18773
images-23837.png,18774
images-23838.png,18775
images-23839.png,18776
images-23840.png,18777
images-23841.png,18778
images-23855.png,18779
images-23856.png,18780
images-23857.png,18781
images-23858.png,18782
images-23859.png,18783
images-23860.png,18784
images-23861.png,18785
images-23862.png,18786
images-23863.png,18787
images-23864.png,18788
images-23865.png,18789
images-23866.png,18790
images-23867.png,18791
images-23868.png,18792
images-23869.png,18793
images-23870.png,18794
images-23871.png,18795
images-23872.png,18796
images-23873.png,18797
images-23874.png,18798
images-23875.png,18799
images-23876.png,18800
images-23877.png,18801
images-23878.png,18802
images-23879.png,18803
images-23880.png,18804
images-23881.png,18805
images-23882.png,18806
images-23883.png,18807
images-23884.png,18808
images-23885.png,18809
images-23886.png,18810
images-23887.png,18811
images-23888.png,18812
images-23889.png,18813
images-23890.png,18814
images-23891.png,18815
images-23892.png,18816
images-23893.png,18817
images-23894.png,18818
images-23895.png,18819
images-23896.png,18820
images-23897.png,18821
images-23898.png,18822
images-23899.png,18823
images-23900.png,18824
images-23901.png,18825
images-23902.png,18826
images-23903.png,18827
images-23904.png,18828
images-23905.png,18829
images-23906.png,18830
images-23907.png,18831
images-23908.png,18832
images-23909.png,18833
images-23910.png,18834
images-23911.png,18835
images-23912.png,18836
images-23913.png,18837
images-23914.png,18838
images-23915.png,18839
images-23916.png,18840
images-23917.png,18841
images-23918.png,18842
images-23919.png,18843
images-23920.png,18844
images-23921.png,18845
images-23922.png,18846
images-23923.png,18847
images-23924.png,18848
images-23925.png,18849
images-23926.png,18850
images-23927.png,18851
images-23928.png,18852
images-23929.png,18853
images-23930.png,18854
images-23931.png,18855
images-23932.png,18856
images-23933.png,18857
images-23934.png,18858
images-23935.png,18859
images-23936.png,18860
images-23937.png,18861
images-23938.png,18862
images-23939.png,18863
images-23940.png,18864
images-23941.png,18865
images-23942.png,18866
images-23943.png,18867
images-23944.png,18868
images-23945.png,18869
images-23946.png,18870
images-23947.png,18871
images-23948.png,18872
images-23949.png,18873
images-23955.png,18874
images-23956.png,18875
images-23957.png,18876
images-23958.png,18877
images-23959.png,18878
images-23960.png,18879
images-23961.png,18880
images-23962.png,18881
images-23963.png,18882
images-23964.png,18883
images-23965.png,18884
images-23966.png,18885
images-23967.png,18886
images-23968.png,18887
images-23969.png,18888
images-23970.png,18889
images-23971.png,18890
images-23972.png,18891
images-23973.png,18892
images-23974.png,18893
images-23975.png,18894
images-23976.png,18895
images-23977.png,18896
images-23978.png,18897
images-23979.png,18898
images-23980.png,18899
images-23981.png,18900
images-23982.png,18901
images-23983.png,18902
images-23984.png,18903
images-23985.png,18904
images-23986.png,18905
images-23987.png,18906
images-23988.png,18907
images-23989.png,18908
images-23990.png,18909
images-23991.png,18910
images-23992.png,18911
images-23993.png,18912
images-23994.png,18913
images-23995.png,18914
images-23996.png,18915
images-23997.png,18916
images-23998.png,18917
images-23999.png,18918
images-24000.png,18919
images-24001.png,18920
images-24002.png,18921
images-24003.png,18922
images-24004.png,18923
images-24005.png,18924
images-24006.png,18925
images-24007.png,18926
images-24008.png,18927
images-24009.png,18928
images-24010.png,18929
images-24011.png,18930
images-24012.png,18931
images-24013.png,18932
images-24014.png,18933
images-24015.png,18934
images-24016.png,18935
images-24017.png,18936
images-24018.png,18937
images-24019.png,18938
images-24020.png,18939
images-24021.png,18940
images-24022.png,18941
images-24023.png,18942
images-24024.png,18943
images-24025.png,18944
images-24026.png,18945
images-24027.png,18946
images-24028.png,18947
images-24029.png,18948
images-24030.png,18949
images-24031.png,18950
images-24032.png,18951
images-24033.png,18952
images-24034.png,18953
images-24035.png,18954
images-24036.png,18955
images-24037.png,18956
images-24038.png,18957
images-24039.png,18958
images-24040.png,18959
images-24041.png,18960
images-24042.png,18961
images-24043.png,18962
images-24044.png,18963
images-24045.png,18964
images-24046.png,18965
images-24047.png,18966
images-24048.png,18967
images-24049.png,18968
images-24050.png,18969
images-24051.png,18970
images-24052.png,18971
images-24053.png,18972
images-24054.png,18973
images-24055.png,18974
images-24056.png,18975
images-24057.png,18976
images-24058.png,18977
images-24059.png,18978
images-24060.png,18979
images-24061.png,18980
images-24062.png,18981
images-24063.png,18982
images-24064.png,18983
images-24065.png,18984
images-24066.png,18985
images-24067.png,18986
images-24068.png,18987
images-24069.png,18988
images-24070.png,18989
images-24071.png,18990
images-24072.png,18991
images-24073.png,18992
images-24074.png,18993
images-24075.png,18994
images-24076.png,18995
images-24077.png,18996
images-24078.png,18997
images-24079.png,18998
images-24080.png,18999
images-24081.png,19000
images-24082.png,19001
images-24083.png,19002
images-24084.png,19003
images-24085.png,19004
images-24086.png,19005
images-24087.png,19006
images-24088.png,19007
images-24089.png,19008
images-24090.png,19009
images-24091.png,19010
images-24092.png,19011
images-24093.png,19012
images-24094.png,19013
images-24095.png,19014
images-24419.png,19015
images-24420.png,19016
images-24421.png,19017
images-24422.png,19018
images-24423.png,19019
images-24424.png,19020
images-24425.png,19021
images-24426.png,19022
images-24427.png,19023
images-24428.png,19024
images-24429.png,19025
images-24430.png,19026
images-24431.png,19027
images-24432.png,19028
images-24433.png,19029
images-24434.png,19030
images-24435.png,19031
images-24436.png,19032
images-24437.png,19033
images-24438.png,19034
images-24439.png,19035
images-24440.png,19036
images-24441.png,19037
images-24442.png,19038
images-24443.png,19039
images-24444.png,19040
images-24445.png,19041
images-24446.png,19042
images-24447.png,19043
images-24448.png,19044
images-24449.png,19045
images-24450.png,19046
images-24451.png,19047
images-24452.png,19048
images-24453.png,19049
images-24454.png,19050
images-24455.png,19051
images-24456.png,19052
images-24457.png,19053
images-24458.png,19054
images-24459.png,19055
images-24460.png,19056
images-24461.png,19057
images-24462.png,19058
images-24463.png,19059
images-24464.png,19060
images-24465.png,19061
images-24466.png,19062
images-24467.png,19063
images-24468.png,19064
images-24469.png,19065
images-24470.png,19066
images-24471.png,19067
images-24472.png,19068
images-24473.png,19069
images-24474.png,19070
images-24475.png,19071
images-24476.png,19072
images-24477.png,19073
images-24478.png,19074
images-24479.png,19075
images-24480.png,19076
images-24481.png,19077
images-24482.png,19078
images-24483.png,19079
images-24484.png,19080
images-24485.png,19081
images-24486.png,19082
images-24487.png,19083
images-24488.png,19084
images-24489.png,19085
images-24490.png,19086
images-24491.png,19087
images-24492.png,19088
images-24493.png,19089
images-24494.png,19090
images-24495.png,19091
images-24496.png,19092
images-24497.png,19093
images-24498.png,19094
images-24499.png,19095
images-24500.png,19096
images-24501.png,19097
images-24502.png,19098
images-24503.png,19099
images-24504.png,19100
images-24505.png,19101
images-24506.png,19102
images-24507.png,19103
images-24508.png,19104
images-24509.png,19105
images-24510.png,19106
images-24511.png,19107
images-24512.png,19108
images-24513.png,19109
images-24514.png,19110
images-24515.png,19111
images-24516.png,19112
images-24517.png,19113
images-24518.png,19114
images-24519.png,19115
images-24520.png,19116
images-24521.png,19117
images-24522.png,19118
images-24523.png,19119
images-24524.png,19120
images-24525.png,19121
images-24526.png,19122
images-24527.png,19123
images-24528.png,19124
images-24529.png,19125
images-24530.png,19126
images-24531.png,19127
images-24532.png,19128
images-24533.png,19129
images-24534.png,19130
images-24535.png,19131
images-24536.png,19132
images-24537.png,19133
images-24538.png,19134
images-24539.png,19135
images-24540.png,19136
images-24541.png,19137
images-24542.png,19138
images-24543.png,19139
images-24544.png,19140
images-24545.png,19141
images-24546.png,19142
images-24547.png,19143
images-24548.png,19144
images-24549.png,19145
images-24550.png,19146
images-24551.png,19147
images-24552.png,19148
images-24553.png,19149
images-24554.png,19150
images-24555.png,19151
images-24556.png,19152
images-24557.png,19153
images-24558.png,19154
images-24559.png,19155
images-24560.png,19156
images-24561.png,19157
images-24562.png,19158
images-24563.png,19159
images-24564.png,19160
images-24565.png,19161
images-24566.png,19162
images-24567.png,19163
images-24568.png,19164
images-24569.png,19165
images-24570.png,19166
images-24571.png,19167
images-24572.png,19168
images-24573.png,19169
images-24574.png,19170
images-24575.png,19171
images-24576.png,19172
images-24577.png,19173
images-24578.png,19174
images-24579.png,19175
images-24580.png,19176
images-24581.png,19177
images-24582.png,19178
images-24583.png,19179
images-24584.png,19180
images-24585.png,19181
images-24586.png,19182
images-24587.png,19183
images-24588.png,19184
images-24589.png,19185
images-24590.png,19186
images-24591.png,19187
images-24592.png,19188
images-24593.png,19189
images-24594.png,19190
images-24595.png,19191
images-24596.png,19192
images-24597.png,19193
images-24598.png,19194
images-24599.png,19195
images-24600.png,19196
images-24601.png,19197
images-24602.png,19198
images-24603.png,19199
images-24604.png,19200
images-24605.png,19201
images-24606.png,19202
images-24607.png,19203
images-24608.png,19204
images-24609.png,19205
images-24610.png,19206
images-24611.png,19207
images-24612.png,19208
images-24613.png,19209
images-24614.png,19210
images-24615.png,19211
images-24616.png,19212
images-24617.png,19213
images-24618.png,19214
images-24619.png,19215
images-24620.png,19216
images-24621.png,19217
images-24622.png,19218
images-24623.png,19219
images-24624.png,19220
images-24625.png,19221
images-24626.png,19222
images-24627.png,19223
images-24628.png,19224
images-24629.png,19225
images-24630.png,19226
images-24631.png,19227
images-24632.png,19228
images-24633.png,19229
images-24634.png,19230
images-24635.png,19231
images-24636.png,19232
images-24637.png,19233
images-24638.png,19234
images-24639.png,19235
images-24640.png,19236
images-24641.png,19237
images-24642.png,19238
images-24643.png,19239
images-24644.png,19240
images-24645.png,19241
images-24646.png,19242
images-24647.png,19243
images-24648.png,19244
images-24649.png,19245
images-24650.png,19246
images-24651.png,19247
images-24652.png,19248
images-24653.png,19249
images-24654.png,19250
images-24655.png,19251
images-24656.png,19252
images-24657.png,19253
images-24658.png,19254
images-24659.png,19255
images-24660.png,19256
images-24661.png,19257
images-24662.png,19258
images-24663.png,19259
images-24664.png,19260
images-24665.png,19261
images-24666.png,19262
images-24667.png,19263
images-24668.png,19264
images-24669.png,19265
images-24670.png,19266
images-24671.png,19267
images-24672.png,19268
images-24673.png,19269
images-24674.png,19270
images-24675.png,19271
images-24676.png,19272
images-24677.png,19273
images-24678.png,19274
images-24679.png,19275
images-24680.png,19276
images-24681.png,19277
images-24682.png,19278
images-24683.png,19279
images-24684.png,19280
images-24685.png,19281
images-24686.png,19282
images-24687.png,19283
images-24688.png,19284
images-24689.png,19285
images-24690.png,19286
images-24691.png,19287
images-24692.png,19288
images-24693.png,19289
images-24694.png,19290
images-24695.png,19291
images-24696.png,19292
images-24697.png,19293
images-24698.png,19294
images-24699.png,19295
images-24700.png,19296
images-24701.png,19297
images-24702.png,19298
images-24703.png,19299
images-24704.png,19300
images-24705.png,19301
images-24706.png,19302
images-24707.png,19303
images-24708.png,19304
images-24709.png,19305
images-24710.png,19306
images-24711.png,19307
images-24712.png,19308
images-24713.png,19309
images-24714.png,19310
images-24715.png,19311
images-24716.png,19312
images-24717.png,19313
images-24718.png,19314
images-24719.png,19315
images-24720.png,19316
images-24721.png,19317
images-24722.png,19318
images-24723.png,19319
images-24724.png,19320
images-24725.png,19321
images-24726.png,19322
images-24727.png,19323
images-24728.png,19324
images-24729.png,19325
images-24730.png,19326
images-24731.png,19327
images-24732.png,19328
images-24733.png,19329
images-24734.png,19330
images-24735.png,19331
images-24736.png,19332
images-24737.png,19333
images-24738.png,19334
images-24739.png,19335
images-24740.png,19336
images-24741.png,19337
images-24742.png,19338
images-24743.png,19339
images-24744.png,19340
images-24745.png,19341
images-24746.png,19342
images-24747.png,19343
images-24748.png,19344
images-24749.png,19345
images-24750.png,19346
images-24751.png,19347
images-24752.png,19348
images-24753.png,19349
images-24754.png,19350
images-24755.png,19351
images-24756.png,19352
images-24757.png,19353
images-24758.png,19354
images-24759.png,19355
images-24760.png,19356
images-24761.png,19357
images-24762.png,19358
images-24763.png,19359
images-24764.png,19360
images-24765.png,19361
images-24766.png,19362
images-24767.png,19363
images-24768.png,19364
images-24769.png,19365
images-24770.png,19366
images-24771.png,19367
images-24772.png,19368
images-24773.png,19369
images-24774.png,19370
images-24775.png,19371
images-24776.png,19372
images-24777.png,19373
images-24778.png,19374
images-24779.png,19375
images-24780.png,19376
images-24781.png,19377
images-24782.png,19378
images-24783.png,19379
images-24784.png,19380
images-24785.png,19381
images-24786.png,19382
images-24787.png,19383
images-24788.png,19384
images-24789.png,19385
images-24790.png,19386
images-24791.png,19387
images-24792.png,19388
images-24793.png,19389
images-24794.png,19390
images-24795.png,19391
images-24796.png,19392
images-24797.png,19393
images-24798.png,19394
images-24799.png,19395
images-24800.png,19396
images-24801.png,19397
images-24802.png,19398
images-24803.png,19399
images-24804.png,19400
images-24805.png,19401
images-24806.png,19402
images-24807.png,19403
images-24808.png,19404
images-24809.png,19405
images-24810.png,19406
images-24811.png,19407
images-24812.png,19408
images-24813.png,19409
images-24814.png,19410
images-24815.png,19411
images-24816.png,19412
images-24817.png,19413
images-24818.png,19414
images-24819.png,19415
images-24820.png,19416
images-24821.png,19417
images-24822.png,19418
images-24823.png,19419
images-24824.png,19420
images-24825.png,19421
images-24826.png,19422
images-24827.png,19423
images-24828.png,19424
images-24829.png,19425
images-24830.png,19426
images-24831.png,19427
images-24832.png,19428
images-24833.png,19429
images-24834.png,19430
images-24835.png,19431
images-24836.png,19432
images-24837.png,19433
images-24838.png,19434
images-24839.png,19435
images-24840.png,19436
images-24841.png,19437
images-24842.png,19438
images-24843.png,19439
images-24844.png,19440
images-24845.png,19441
images-24846.png,19442
images-24847.png,19443
images-24848.png,19444
images-24849.png,19445
images-24850.png,19446
images-24851.png,19447
images-24852.png,19448
images-24853.png,19449
images-24854.png,19450
images-24855.png,19451
images-24856.png,19452
images-24857.png,19453
images-24858.png,19454
images-24859.png,19455
images-24860.png,19456
images-24861.png,19457
images-24862.png,19458
images-24863.png,19459
images-24864.png,19460
images-24865.png,19461
images-24866.png,19462
images-24867.png,19463
images-24868.png,19464
images-24869.png,19465
images-24870.png,19466
images-24871.png,19467
images-24872.png,19468
images-24873.png,19469
images-24874.png,19470
images-24875.png,19471
images-24876.png,19472
images-24877.png,19473
images-24878.png,19474
images-24879.png,19475
images-24880.png,19476
images-24881.png,19477
images-24882.png,19478
images-24883.png,19479
images-24884.png,19480
images-24885.png,19481
images-24886.png,19482
images-24887.png,19483
images-24888.png,19484
images-24889.png,19485
images-24890.png,19486
images-24891.png,19487
images-24892.png,19488
images-24893.png,19489
images-24894.png,19490
images-24895.png,19491
images-24896.png,19492
images-24897.png,19493
images-24898.png,19494
images-24899.png,19495
images-24900.png,19496
images-24901.png,19497
images-24902.png,19498
images-24903.png,19499
images-24904.png,19500
images-24905.png,19501
images-24906.png,19502
images-24907.png,19503
images-24908.png,19504
images-24909.png,19505
images-24910.png,19506
images-24911.png,19507
images-24912.png,19508
images-24913.png,19509
images-24914.png,19510
images-24915.png,19511
images-24916.png,19512
images-24917.png,19513
images-24918.png,19514
images-24919.png,19515
images-24920.png,19516
images-24921.png,19517
images-24922.png,19518
images-24923.png,19519
images-24924.png,19520
images-24925.png,19521
images-24926.png,19522
images-24927.png,19523
images-24928.png,19524
images-24929.png,19525
images-24930.png,19526
images-24931.png,19527
images-24932.png,19528
images-24933.png,19529
images-24934.png,19530
images-24935.png,19531
images-24936.png,19532
images-24937.png,19533
images-24938.png,19534
images-24939.png,19535
images-24940.png,19536
images-24941.png,19537
images-24942.png,19538
images-24943.png,19539
images-24944.png,19540
images-24945.png,19541
images-24946.png,19542
images-24947.png,19543
images-24948.png,19544
images-24949.png,19545
images-24950.png,19546
images-24951.png,19547
images-24952.png,19548
images-24953.png,19549
images-24954.png,19550
images-24955.png,19551
images-24956.png,19552
images-24957.png,19553
images-24958.png,19554
images-24959.png,19555
images-24960.png,19556
images-24961.png,19557
images-24962.png,19558
images-24963.png,19559
images-24964.png,19560
images-24965.png,19561
images-24966.png,19562
images-24967.png,19563
images-24968.png,19564
images-24969.png,19565
images-24970.png,19566
images-24971.png,19567
images-24972.png,19568
images-24973.png,19569
images-24974.png,19570
images-24975.png,19571
images-24976.png,19572
images-24977.png,19573
images-24978.png,19574
images-24979.png,19575
images-24980.png,19576
images-24981.png,19577
images-24982.png,19578
images-24983.png,19579
images-24984.png,19580
images-24985.png,19581
images-24986.png,19582
images-24987.png,19583
images-24997.png,19584
images-24998.png,19585
images-24999.png,19586
images-25000.png,19587
images-25001.png,19588
images-25002.png,19589
images-25003.png,19590
images-25030.png,19591
images-25031.png,19592
images-25032.png,19593
images-25033.png,19594
images-25034.png,19595
images-25035.png,19596
images-25036.png,19597
images-25044.png,19598
images-25045.png,19599
images-25046.png,19600
images-25047.png,19601
images-25048.png,19602
images-25049.png,19603
images-25050.png,19604
images-25051.png,19605
images-25052.png,19606
images-25053.png,19607
images-25054.png,19608
images-25055.png,19609
images-25056.png,19610
images-25057.png,19611
images-25058.png,19612
images-25059.png,19613
images-25060.png,19614
images-25061.png,19615
images-25062.png,19616
images-25063.png,19617
images-25064.png,19618
images-25065.png,19619
images-25066.png,19620
images-25067.png,19621
images-25068.png,19622
images-25069.png,19623
images-25070.png,19624
images-25071.png,19625
images-25072.png,19626
images-25073.png,19627
images-25074.png,19628
images-25075.png,19629
images-25076.png,19630
images-25077.png,19631
images-25078.png,19632
images-25079.png,19633
images-25080.png,19634
images-25081.png,19635
images-25082.png,19636
images-25083.png,19637
images-25084.png,19638
images-25085.png,19639
images-25086.png,19640
images-25087.png,19641
images-25088.png,19642
images-25089.png,19643
images-25090.png,19644
images-25091.png,19645
images-25092.png,19646
images-25093.png,19647
images-25094.png,19648
images-25095.png,19649
images-25096.png,19650
images-25097.png,19651
images-25098.png,19652
images-25099.png,19653
images-25100.png,19654
images-25101.png,19655
images-25102.png,19656
images-25103.png,19657
images-25104.png,19658
images-25105.png,19659
images-25106.png,19660
images-25107.png,19661
images-25108.png,19662
images-25109.png,19663
images-25110.png,19664
images-25111.png,19665
images-25112.png,19666
images-25113.png,19667
images-25114.png,19668
images-25115.png,19669
images-25116.png,19670
images-25117.png,19671
images-25118.png,19672
images-25119.png,19673
images-25120.png,19674
images-25121.png,19675
images-25122.png,19676
images-25123.png,19677
images-25124.png,19678
images-25125.png,19679
images-25126.png,19680
images-25127.png,19681
images-25128.png,19682
images-25129.png,19683
images-25130.png,19684
images-25131.png,19685
images-25132.png,19686
images-25133.png,19687
images-25134.png,19688
images-25135.png,19689
images-25136.png,19690
images-25137.png,19691
images-25138.png,19692
images-25139.png,19693
images-25140.png,19694
images-25141.png,19695
images-25142.png,19696
images-25143.png,19697
images-25144.png,19698
images-25145.png,19699
images-25146.png,19700
images-25147.png,19701
images-25148.png,19702
images-25149.png,19703
images-25150.png,19704
images-25151.png,19705
images-25152.png,19706
images-25153.png,19707
images-25154.png,19708
images-25155.png,19709
images-25156.png,19710
images-25157.png,19711
images-25158.png,19712
images-25159.png,19713
images-25160.png,19714
images-25161.png,19715
images-25162.png,19716
images-25163.png,19717
images-25164.png,19718
images-25165.png,19719
images-25166.png,19720
images-25167.png,19721
images-25168.png,19722
images-25169.png,19723
images-25170.png,19724
images-25171.png,19725
images-25172.png,19726
images-25173.png,19727
images-25174.png,19728
images-25175.png,19729
images-25176.png,19730
images-25177.png,19731
images-25178.png,19732
images-25179.png,19733
images-25180.png,19734
images-25181.png,19735
images-25182.png,19736
images-25183.png,19737
images-25184.png,19738
images-25185.png,19739
images-25186.png,19740
images-25187.png,19741
images-25188.png,19742
images-25189.png,19743
images-25190.png,19744
images-25191.png,19745
images-25192.png,19746
images-25193.png,19747
images-25194.png,19748
images-25195.png,19749
images-25196.png,19750
images-25197.png,19751
images-25198.png,19752
images-25199.png,19753
images-25200.png,19754
images-25201.png,19755
images-25202.png,19756
images-25203.png,19757
images-25204.png,19758
images-25205.png,19759
images-25206.png,19760
images-25207.png,19761
images-25208.png,19762
images-25209.png,19763
images-25210.png,19764
images-25211.png,19765
images-25212.png,19766
images-25213.png,19767
images-25214.png,19768
images-25215.png,19769
images-25216.png,19770
images-25217.png,19771
images-25218.png,19772
images-25219.png,19773
images-25220.png,19774
images-25221.png,19775
images-25222.png,19776
images-25223.png,19777
images-25224.png,19778
images-25225.png,19779
images-25226.png,19780
images-25227.png,19781
images-25228.png,19782
images-25229.png,19783
images-25230.png,19784
images-25231.png,19785
images-25232.png,19786
images-25233.png,19787
images-25234.png,19788
images-25235.png,19789
images-25236.png,19790
images-25237.png,19791
images-25238.png,19792
images-25239.png,19793
images-25240.png,19794
images-25241.png,19795
images-25242.png,19796
images-25243.png,19797
images-25244.png,19798
images-25245.png,19799
images-25246.png,19800
images-25247.png,19801
images-25248.png,19802
images-25249.png,19803
images-25250.png,19804
images-25251.png,19805
images-25252.png,19806
images-25253.png,19807
images-25254.png,19808
images-25255.png,19809
images-25320.png,19810
images-25321.png,19811
images-25322.png,19812
images-25323.png,19813
images-25324.png,19814
images-25325.png,19815
images-25326.png,19816
images-25327.png,19817
images-25328.png,19818
images-25329.png,19819
images-25330.png,19820
images-25331.png,19821
images-25332.png,19822
images-25333.png,19823
images-25334.png,19824
images-25335.png,19825
images-25336.png,19826
images-25337.png,19827
images-25338.png,19828
images-25339.png,19829
images-25340.png,19830
images-25341.png,19831
images-25342.png,19832
images-25343.png,19833
images-25344.png,19834
images-25345.png,19835
images-25346.png,19836
images-25347.png,19837
images-25348.png,19838
images-25349.png,19839
images-25350.png,19840
images-25351.png,19841
images-25352.png,19842
images-25353.png,19843
images-25354.png,19844
images-25355.png,19845
images-25356.png,19846
images-25357.png,19847
images-25358.png,19848
images-25359.png,19849
images-25360.png,19850
images-25361.png,19851
images-25362.png,19852
images-25363.png,19853
images-25364.png,19854
images-25365.png,19855
images-25366.png,19856
images-25367.png,19857
images-25368.png,19858
images-25369.png,19859
images-25370.png,19860
images-25371.png,19861
images-25372.png,19862
images-25380.png,19863
images-25381.png,19864
images-25382.png,19865
images-25383.png,19866
images-25384.png,19867
images-25385.png,19868
images-25386.png,19869
images-25387.png,19870
images-25388.png,19871
images-25389.png,19872
images-25390.png,19873
images-25391.png,19874
images-25392.png,19875
images-25393.png,19876
images-25394.png,19877
images-25395.png,19878
images-25396.png,19879
images-25397.png,19880
images-25406.png,19881
images-25407.png,19882
images-25408.png,19883
images-25409.png,19884
images-25410.png,19885
images-25411.png,19886
images-25412.png,19887
images-25413.png,19888
images-25414.png,19889
images-25415.png,19890
images-25416.png,19891
images-25417.png,19892
images-25418.png,19893
images-25419.png,19894
images-25420.png,19895
images-25421.png,19896
images-25422.png,19897
images-25423.png,19898
images-25424.png,19899
images-25425.png,19900
images-25426.png,19901
images-25427.png,19902
images-25428.png,19903
images-25429.png,19904
images-25430.png,19905
images-25431.png,19906
images-25432.png,19907
images-25433.png,19908
images-25434.png,19909
images-25435.png,19910
images-25436.png,19911
images-25437.png,19912
images-25438.png,19913
images-25439.png,19914
images-25440.png,19915
images-25441.png,19916
images-25442.png,19917
images-25443.png,19918
images-25444.png,19919
images-25445.png,19920
images-25446.png,19921
images-25447.png,19922
images-25448.png,19923
images-25449.png,19924
images-25450.png,19925
images-25451.png,19926
images-25452.png,19927
images-25453.png,19928
images-25454.png,19929
images-25455.png,19930
images-25456.png,19931
images-25457.png,19932
images-25458.png,19933
images-25459.png,19934
images-25460.png,19935
images-25461.png,19936
images-25462.png,19937
images-25463.png,19938
images-25464.png,19939
images-25465.png,19940
images-25466.png,19941
images-25467.png,19942
images-25468.png,19943
images-25469.png,19944
images-25470.png,19945
images-25471.png,19946
images-25472.png,19947
images-25473.png,19948
images-25474.png,19949
images-25475.png,19950
images-25476.png,19951
images-25477.png,19952
images-25478.png,19953
images-25479.png,19954
images-25480.png,19955
images-25481.png,19956
images-25482.png,19957
images-25483.png,19958
images-25484.png,19959
images-25485.png,19960
images-25486.png,19961
images-25487.png,19962
images-25488.png,19963
images-25489.png,19964
images-25490.png,19965
images-25491.png,19966
images-25492.png,19967
images-25493.png,19968
images-25494.png,19969
images-25495.png,19970
images-25496.png,19971
images-25497.png,19972
images-25498.png,19973
images-25499.png,19974
images-25500.png,19975
images-25501.png,19976
images-25502.png,19977
images-25503.png,19978
images-25504.png,19979
images-25505.png,19980
images-25506.png,19981
images-25521.png,19982
images-25522.png,19983
images-25523.png,19984
images-25524.png,19985
images-25525.png,19986
images-25526.png,19987
images-25527.png,19988
images-25528.png,19989
images-25529.png,19990
images-25530.png,19991
images-25531.png,19992
images-25532.png,19993
images-25533.png,19994
images-25534.png,19995
images-25535.png,19996
images-25536.png,19997
images-25537.png,19998
images-25538.png,19999
images-25539.png,20000
images-25540.png,20001
images-25541.png,20002
images-25542.png,20003
images-25543.png,20004
images-25544.png,20005
images-25545.png,20006
images-25546.png,20007
images-25547.png,20008
images-25548.png,20009
images-25549.png,20010
images-25550.png,20011
images-25551.png,20012
images-25552.png,20013
images-25553.png,20014
images-25554.png,20015
images-25555.png,20016
images-25556.png,20017
images-25557.png,20018
images-25558.png,20019
images-25559.png,20020
images-25560.png,20021
images-25561.png,20022
images-25562.png,20023
images-25563.png,20024
images-25564.png,20025
images-25565.png,20026
images-25566.png,20027
images-25567.png,20028
images-25568.png,20029
images-25569.png,20030
images-25570.png,20031
images-25571.png,20032
images-25572.png,20033
images-25573.png,20034
images-25574.png,20035
images-25575.png,20036
images-25576.png,20037
images-25577.png,20038
images-25578.png,20039
images-25579.png,20040
images-25580.png,20041
images-25581.png,20042
images-25582.png,20043
images-25583.png,20044
images-25584.png,20045
images-25585.png,20046
images-25586.png,20047
images-25587.png,20048
images-25588.png,20049
images-25589.png,20050
images-25590.png,20051
images-25591.png,20052
images-25592.png,20053
images-25593.png,20054
images-25594.png,20055
images-25595.png,20056
images-25596.png,20057
images-25597.png,20058
images-25598.png,20059
images-25599.png,20060
images-25600.png,20061
images-25601.png,20062
images-25602.png,20063
images-25603.png,20064
images-25604.png,20065
images-25605.png,20066
images-25606.png,20067
images-25607.png,20068
images-25608.png,20069
images-25609.png,20070
images-25610.png,20071
images-25611.png,20072
images-25612.png,20073
images-25613.png,20074
images-25614.png,20075
images-25615.png,20076
images-25616.png,20077
images-25617.png,20078
images-25618.png,20079
images-25619.png,20080
images-25620.png,20081
images-25621.png,20082
images-25622.png,20083
images-25623.png,20084
images-25624.png,20085
images-25625.png,20086
images-25626.png,20087
images-25627.png,20088
images-25628.png,20089
images-25629.png,20090
images-25630.png,20091
images-25631.png,20092
images-25632.png,20093
images-25633.png,20094
images-25634.png,20095
images-25635.png,20096
images-25636.png,20097
images-25637.png,20098
images-25638.png,20099
images-25639.png,20100
images-25640.png,20101
images-25641.png,20102
images-25642.png,20103
images-25643.png,20104
images-25644.png,20105
images-25645.png,20106
images-25646.png,20107
images-25647.png,20108
images-25648.png,20109
images-25649.png,20110
images-25650.png,20111
images-25651.png,20112
images-25652.png,20113
images-25653.png,20114
images-25654.png,20115
images-25655.png,20116
images-25656.png,20117
images-25657.png,20118
images-25658.png,20119
images-25659.png,20120
images-25660.png,20121
images-25661.png,20122
images-25662.png,20123
images-25663.png,20124
images-25664.png,20125
images-25665.png,20126
images-25666.png,20127
images-25667.png,20128
images-25668.png,20129
images-25669.png,20130
images-25670.png,20131
images-25671.png,20132
images-25672.png,20133
images-25673.png,20134
images-25674.png,20135
images-25675.png,20136
images-25676.png,20137
images-25677.png,20138
images-25678.png,20139
images-25679.png,20140
images-25680.png,20141
images-25681.png,20142
images-25682.png,20143
images-25683.png,20144
images-25684.png,20145
images-25685.png,20146
images-25686.png,20147
images-25687.png,20148
images-25688.png,20149
images-25689.png,20150
images-25690.png,20151
images-25691.png,20152
images-25692.png,20153
images-25693.png,20154
images-25694.png,20155
images-25695.png,20156
images-25696.png,20157
images-25697.png,20158
images-25698.png,20159
images-25699.png,20160
images-25700.png,20161
images-25701.png,20162
images-25702.png,20163
images-25703.png,20164
images-25704.png,20165
images-25705.png,20166
images-25706.png,20167
images-25707.png,20168
images-25708.png,20169
images-25709.png,20170
images-25710.png,20171
images-25711.png,20172
images-25712.png,20173
images-25713.png,20174
images-25714.png,20175
images-25715.png,20176
images-25716.png,20177
images-25717.png,20178
images-25718.png,20179
images-25719.png,20180
images-25720.png,20181
images-25721.png,20182
images-25722.png,20183
images-25723.png,20184
images-25724.png,20185
images-25725.png,20186
images-25726.png,20187
images-25727.png,20188
images-25728.png,20189
images-25729.png,20190
images-25730.png,20191
images-25731.png,20192
images-25732.png,20193
images-25733.png,20194
images-25734.png,20195
images-25735.png,20196
images-25736.png,20197
images-25737.png,20198
images-25738.png,20199
images-25739.png,20200
images-25740.png,20201
images-25741.png,20202
images-25742.png,20203
images-25743.png,20204
images-25744.png,20205
images-25745.png,20206
images-25746.png,20207
images-25747.png,20208
images-25748.png,20209
images-25749.png,20210
images-25750.png,20211
images-25751.png,20212
images-25752.png,20213
images-25753.png,20214
images-25754.png,20215
images-25755.png,20216
images-25756.png,20217
images-25757.png,20218
images-25758.png,20219
images-25759.png,20220
images-25760.png,20221
images-25761.png,20222
images-25762.png,20223
images-25763.png,20224
images-25764.png,20225
images-25765.png,20226
images-25766.png,20227
images-25767.png,20228
images-25768.png,20229
images-25769.png,20230
images-25770.png,20231
images-25771.png,20232
images-25772.png,20233
images-25773.png,20234
images-25774.png,20235
images-25775.png,20236
images-25776.png,20237
images-25777.png,20238
images-25778.png,20239
images-25779.png,20240
images-25780.png,20241
images-25781.png,20242
images-25782.png,20243
images-25783.png,20244
images-25784.png,20245
images-25785.png,20246
images-25786.png,20247
images-25787.png,20248
images-25788.png,20249
images-25789.png,20250
images-25790.png,20251
images-25791.png,20252
images-25792.png,20253
images-25793.png,20254
images-25794.png,20255
images-25795.png,20256
images-25796.png,20257
images-25797.png,20258
images-25798.png,20259
images-25799.png,20260
images-25800.png,20261
images-25801.png,20262
images-25802.png,20263
images-25803.png,20264
images-25804.png,20265
images-25805.png,20266
images-25806.png,20267
images-25807.png,20268
images-25808.png,20269
images-25809.png,20270
images-25810.png,20271
images-25811.png,20272
images-25812.png,20273
images-25813.png,20274
images-25814.png,20275
images-25815.png,20276
images-25816.png,20277
images-25817.png,20278
images-25818.png,20279
images-25819.png,20280
images-25820.png,20281
images-25821.png,20282
images-25822.png,20283
images-25823.png,20284
images-25824.png,20285
images-25846.png,20286
images-25847.png,20287
images-25848.png,20288
images-25849.png,20289
images-25850.png,20290
images-25851.png,20291
images-25852.png,20292
images-25853.png,20293
images-25854.png,20294
images-25855.png,20295
images-25856.png,20296
images-25857.png,20297
images-25858.png,20298
images-25859.png,20299
images-25860.png,20300
images-25861.png,20301
images-25862.png,20302
images-25863.png,20303
images-25864.png,20304
images-25865.png,20305
images-25866.png,20306
images-25867.png,20307
images-25868.png,20308
images-25869.png,20309
images-25870.png,20310
images-25871.png,20311
images-25872.png,20312
images-25873.png,20313
images-25874.png,20314
images-25875.png,20315
images-25876.png,20316
images-25877.png,20317
images-25878.png,20318
images-25879.png,20319
images-25880.png,20320
images-25881.png,20321
images-25882.png,20322
images-25883.png,20323
images-25884.png,20324
images-25885.png,20325
images-25886.png,20326
images-25887.png,20327
images-25888.png,20328
images-25889.png,20329
images-25890.png,20330
images-25891.png,20331
images-25892.png,20332
images-25893.png,20333
images-25894.png,20334
images-25895.png,20335
images-25896.png,20336
images-25897.png,20337
images-25898.png,20338
images-25899.png,20339
images-25900.png,20340
images-25901.png,20341
images-25902.png,20342
images-25903.png,20343
images-25904.png,20344
images-25905.png,20345
images-25906.png,20346
images-25907.png,20347
images-25908.png,20348
images-25909.png,20349
images-25910.png,20350
images-25911.png,20351
images-25912.png,20352
images-25913.png,20353
images-25914.png,20354
images-25915.png,20355
images-25916.png,20356
images-25917.png,20357
images-25918.png,20358
images-25919.png,20359
images-25920.png,20360
images-25921.png,20361
images-25922.png,20362
images-25923.png,20363
images-25924.png,20364
images-25925.png,20365
images-25926.png,20366
images-25927.png,20367
images-25928.png,20368
images-25929.png,20369
images-25930.png,20370
images-25931.png,20371
images-25932.png,20372
images-25933.png,20373
images-25934.png,20374
images-25935.png,20375
images-25936.png,20376
images-25937.png,20377
images-25938.png,20378
images-25939.png,20379
images-25940.png,20380
images-25941.png,20381
images-25942.png,20382
images-25943.png,20383
images-25944.png,20384
images-25945.png,20385
images-25946.png,20386
images-25947.png,20387
images-25948.png,20388
images-25949.png,20389
images-25950.png,20390
images-25951.png,20391
images-25952.png,20392
images-25953.png,20393
images-25954.png,20394
images-25955.png,20395
images-25956.png,20396
images-25957.png,20397
images-25958.png,20398
images-25959.png,20399
images-25960.png,20400
images-25961.png,20401
images-25962.png,20402
images-25963.png,20403
images-25964.png,20404
images-25965.png,20405
images-25966.png,20406
images-25967.png,20407
images-25968.png,20408
images-25969.png,20409
images-25970.png,20410
images-25971.png,20411
images-25972.png,20412
images-25973.png,20413
images-25974.png,20414
images-25975.png,20415
images-25976.png,20416
images-25977.png,20417
images-25978.png,20418
images-25979.png,20419
images-25980.png,20420
images-25981.png,20421
images-25982.png,20422
images-25983.png,20423
images-25984.png,20424
images-25985.png,20425
images-25986.png,20426
images-25987.png,20427
images-25988.png,20428
images-25989.png,20429
images-25990.png,20430
images-25991.png,20431
images-25992.png,20432
images-25993.png,20433
images-25994.png,20434
images-25995.png,20435
images-25996.png,20436
images-25997.png,20437
images-25998.png,20438
images-25999.png,20439
images-26000.png,20440
images-26001.png,20441
images-26002.png,20442
images-26003.png,20443
images-26004.png,20444
images-26005.png,20445
images-26006.png,20446
images-26007.png,20447
images-26008.png,20448
images-26009.png,20449
images-26010.png,20450
images-26011.png,20451
images-26012.png,20452
images-26013.png,20453
images-26014.png,20454
images-26015.png,20455
images-26016.png,20456
images-26017.png,20457
images-26018.png,20458
images-26019.png,20459
images-26020.png,20460
images-26021.png,20461
images-26022.png,20462
images-26023.png,20463
images-26024.png,20464
images-26025.png,20465
images-26026.png,20466
images-26027.png,20467
images-26028.png,20468
images-26029.png,20469
images-26030.png,20470
images-26031.png,20471
images-26032.png,20472
images-26033.png,20473
images-26034.png,20474
images-26035.png,20475
images-26036.png,20476
images-26037.png,20477
images-26038.png,20478
images-26039.png,20479
images-26040.png,20480
images-26041.png,20481
images-26042.png,20482
images-26043.png,20483
images-26044.png,20484
images-26045.png,20485
images-26046.png,20486
images-26047.png,20487
images-26048.png,20488
images-26049.png,20489
images-26050.png,20490
images-26051.png,20491
images-26052.png,20492
images-26053.png,20493
images-26054.png,20494
images-26055.png,20495
images-26056.png,20496
images-26057.png,20497
images-26058.png,20498
images-26059.png,20499
images-26060.png,20500
images-26061.png,20501
images-26062.png,20502
images-26063.png,20503
images-26064.png,20504
images-26065.png,20505
images-26066.png,20506
images-26067.png,20507
images-26068.png,20508
images-26069.png,20509
images-26070.png,20510
images-26071.png,20511
images-26072.png,20512
images-26073.png,20513
images-26074.png,20514
images-26075.png,20515
images-26076.png,20516
images-26077.png,20517
images-26078.png,20518
images-26079.png,20519
images-26080.png,20520
images-26081.png,20521
images-26082.png,20522
images-26083.png,20523
images-26084.png,20524
images-26085.png,20525
images-26091.png,20526
images-26092.png,20527
images-26093.png,20528
images-26094.png,20529
images-26095.png,20530
images-26096.png,20531
images-26097.png,20532
images-26098.png,20533
images-26099.png,20534
images-26100.png,20535
images-26101.png,20536
images-26102.png,20537
images-26103.png,20538
images-26104.png,20539
images-26105.png,20540
images-26106.png,20541
images-26107.png,20542
images-26108.png,20543
images-26109.png,20544
images-26110.png,20545
images-26111.png,20546
images-26112.png,20547
images-26113.png,20548
images-26114.png,20549
images-26115.png,20550
images-26116.png,20551
images-26117.png,20552
images-26118.png,20553
images-26119.png,20554
images-26135.png,20555
images-26136.png,20556
images-26137.png,20557
images-26138.png,20558
images-26139.png,20559
images-26140.png,20560
images-26141.png,20561
images-26142.png,20562
images-26143.png,20563
images-26144.png,20564
images-26145.png,20565
images-26146.png,20566
images-26147.png,20567
images-26148.png,20568
images-26149.png,20569
images-26150.png,20570
images-26151.png,20571
images-26152.png,20572
images-26153.png,20573
images-26154.png,20574
images-26155.png,20575
images-26156.png,20576
images-26157.png,20577
images-26158.png,20578
images-26159.png,20579
images-26160.png,20580
images-26161.png,20581
images-26162.png,20582
images-26163.png,20583
images-26164.png,20584
images-26165.png,20585
images-26166.png,20586
images-26167.png,20587
images-26168.png,20588
images-26169.png,20589
images-26170.png,20590
images-26171.png,20591
images-26172.png,20592
images-26173.png,20593
images-26174.png,20594
images-26175.png,20595
images-26176.png,20596
images-26177.png,20597
images-26178.png,20598
images-26179.png,20599
images-26180.png,20600
images-26181.png,20601
images-26182.png,20602
images-26183.png,20603
images-26184.png,20604
images-26185.png,20605
images-26186.png,20606
images-26187.png,20607
images-26188.png,20608
images-26189.png,20609
images-26190.png,20610
images-26191.png,20611
images-26192.png,20612
images-26193.png,20613
images-26194.png,20614
images-26195.png,20615
images-26196.png,20616
images-26197.png,20617
images-26198.png,20618
images-26199.png,20619
images-26200.png,20620
images-26201.png,20621
images-26202.png,20622
images-26203.png,20623
images-26204.png,20624
images-26205.png,20625
images-26206.png,20626
images-26207.png,20627
images-26208.png,20628
images-26209.png,20629
images-26210.png,20630
images-26211.png,20631
images-26212.png,20632
images-26213.png,20633
images-26214.png,20634
images-26215.png,20635
images-26216.png,20636
images-26217.png,20637
images-26218.png,20638
images-26219.png,20639
images-26220.png,20640
images-26221.png,20641
images-26222.png,20642
images-26223.png,20643
images-26224.png,20644
images-26225.png,20645
images-26226.png,20646
images-26227.png,20647
images-26228.png,20648
images-26229.png,20649
images-26230.png,20650
images-26231.png,20651
images-26232.png,20652
images-26233.png,20653
images-26234.png,20654
images-26235.png,20655
images-26236.png,20656
images-26237.png,20657
images-26238.png,20658
images-26239.png,20659
images-26240.png,20660
images-26241.png,20661
images-26242.png,20662
images-26243.png,20663
images-26244.png,20664
images-26245.png,20665
images-26246.png,20666
images-26247.png,20667
images-26248.png,20668
images-26249.png,20669
images-26250.png,20670
images-26251.png,20671
images-26252.png,20672
images-26253.png,20673
images-26254.png,20674
images-26255.png,20675
images-26256.png,20676
images-26257.png,20677
images-26258.png,20678
images-26259.png,20679
images-26260.png,20680
images-26261.png,20681
images-26262.png,20682
images-26263.png,20683
images-26264.png,20684
images-26265.png,20685
images-26266.png,20686
images-26267.png,20687
images-26268.png,20688
images-26269.png,20689
images-26270.png,20690
images-26271.png,20691
images-26272.png,20692
images-26273.png,20693
images-26274.png,20694
images-26275.png,20695
images-26276.png,20696
images-26277.png,20697
images-26278.png,20698
images-26279.png,20699
images-26280.png,20700
images-26281.png,20701
images-26282.png,20702
images-26283.png,20703
images-26284.png,20704
images-26285.png,20705
images-26286.png,20706
images-26287.png,20707
images-26288.png,20708
images-26289.png,20709
images-26290.png,20710
images-26291.png,20711
images-26292.png,20712
images-26293.png,20713
images-26294.png,20714
images-26295.png,20715
images-26296.png,20716
images-26297.png,20717
images-26298.png,20718
images-26299.png,20719
images-26300.png,20720
images-26301.png,20721
images-26302.png,20722
images-26303.png,20723
images-26304.png,20724
images-26305.png,20725
images-26306.png,20726
images-26307.png,20727
images-26308.png,20728
images-26309.png,20729
images-26310.png,20730
images-26311.png,20731
images-26312.png,20732
images-26313.png,20733
images-26314.png,20734
images-26315.png,20735
images-26316.png,20736
images-26317.png,20737
images-26318.png,20738
images-26319.png,20739
images-26320.png,20740
images-26321.png,20741
images-26322.png,20742
images-26323.png,20743
images-26324.png,20744
images-26325.png,20745
images-26326.png,20746
images-26327.png,20747
images-26328.png,20748
images-26329.png,20749
images-26330.png,20750
images-26331.png,20751
images-26332.png,20752
images-26333.png,20753
images-26334.png,20754
images-26335.png,20755
images-26336.png,20756
images-26337.png,20757
images-26338.png,20758
images-26339.png,20759
images-26340.png,20760
images-26341.png,20761
images-26342.png,20762
images-26343.png,20763
images-26344.png,20764
images-26345.png,20765
images-26346.png,20766
images-26347.png,20767
images-26348.png,20768
images-26349.png,20769
images-26350.png,20770
images-26351.png,20771
images-26352.png,20772
images-26353.png,20773
images-26354.png,20774
images-26355.png,20775
images-26356.png,20776
images-26357.png,20777
images-26358.png,20778
images-26359.png,20779
images-26360.png,20780
images-26361.png,20781
images-26362.png,20782
images-26363.png,20783
images-26364.png,20784
images-26365.png,20785
images-26366.png,20786
images-26367.png,20787
images-26368.png,20788
images-26369.png,20789
images-26370.png,20790
images-26371.png,20791
images-26372.png,20792
images-26373.png,20793
images-26374.png,20794
images-26375.png,20795
images-26376.png,20796
images-26377.png,20797
images-26378.png,20798
images-26379.png,20799
images-26380.png,20800
images-26381.png,20801
images-26382.png,20802
images-26383.png,20803
images-26384.png,20804
images-26385.png,20805
images-26386.png,20806
images-26387.png,20807
images-26388.png,20808
images-26389.png,20809
images-26390.png,20810
images-26391.png,20811
images-26559.png,20812
images-26560.png,20813
images-26561.png,20814
images-26562.png,20815
images-26563.png,20816
images-26564.png,20817
images-26565.png,20818
images-26566.png,20819
images-26567.png,20820
images-26568.png,20821
images-26569.png,20822
images-26570.png,20823
images-26571.png,20824
images-26572.png,20825
images-26573.png,20826
images-26574.png,20827
images-26575.png,20828
images-26576.png,20829
images-26577.png,20830
images-26578.png,20831
images-26579.png,20832
images-26580.png,20833
images-26581.png,20834
images-26582.png,20835
images-26583.png,20836
images-26584.png,20837
images-26585.png,20838
images-26586.png,20839
images-26587.png,20840
images-26588.png,20841
images-26589.png,20842
images-26590.png,20843
images-26591.png,20844
images-26592.png,20845
images-26593.png,20846
images-26594.png,20847
images-26595.png,20848
images-26596.png,20849
images-26597.png,20850
images-26598.png,20851
images-26599.png,20852
images-26600.png,20853
images-26601.png,20854
images-26602.png,20855
images-26603.png,20856
images-26604.png,20857
images-26605.png,20858
images-26606.png,20859
images-26607.png,20860
images-26608.png,20861
images-26609.png,20862
images-26610.png,20863
images-26611.png,20864
images-26612.png,20865
images-26613.png,20866
images-26614.png,20867
images-26615.png,20868
images-26616.png,20869
images-26617.png,20870
images-26618.png,20871
images-26619.png,20872
images-26620.png,20873
images-26621.png,20874
images-26622.png,20875
images-26623.png,20876
images-26624.png,20877
images-26625.png,20878
images-26626.png,20879
images-26627.png,20880
images-26628.png,20881
images-26629.png,20882
images-26630.png,20883
images-26631.png,20884
images-26632.png,20885
images-26633.png,20886
images-26634.png,20887
images-26635.png,20888
images-26636.png,20889
images-26637.png,20890
images-26638.png,20891
images-26639.png,20892
images-26640.png,20893
images-26641.png,20894
images-26642.png,20895
images-26643.png,20896
images-26644.png,20897
images-26645.png,20898
images-26646.png,20899
images-26647.png,20900
images-26648.png,20901
images-26649.png,20902
images-26650.png,20903
images-26651.png,20904
images-26652.png,20905
images-26653.png,20906
images-26654.png,20907
images-26655.png,20908
images-26656.png,20909
images-26657.png,20910
images-26658.png,20911
images-26659.png,20912
images-26660.png,20913
images-26661.png,20914
images-26662.png,20915
images-26663.png,20916
images-26664.png,20917
images-26665.png,20918
images-26666.png,20919
images-26667.png,20920
images-26668.png,20921
images-26669.png,20922
images-26670.png,20923
images-26671.png,20924
images-26672.png,20925
images-26673.png,20926
images-26674.png,20927
images-26675.png,20928
images-26676.png,20929
images-26677.png,20930
images-26678.png,20931
images-26679.png,20932
images-26680.png,20933
images-26681.png,20934
images-26682.png,20935
images-26683.png,20936
images-26684.png,20937
images-26685.png,20938
images-26686.png,20939
images-26687.png,20940
images-26688.png,20941
images-26689.png,20942
images-26690.png,20943
images-26691.png,20944
images-26692.png,20945
images-26693.png,20946
images-26694.png,20947
images-26695.png,20948
images-26696.png,20949
images-26697.png,20950
images-26698.png,20951
images-26699.png,20952
images-26700.png,20953
images-26701.png,20954
images-26702.png,20955
images-26703.png,20956
images-26704.png,20957
images-26705.png,20958
images-26706.png,20959
images-26707.png,20960
images-26708.png,20961
images-26709.png,20962
images-26710.png,20963
images-26711.png,20964
images-26712.png,20965
images-26713.png,20966
images-26714.png,20967
images-26715.png,20968
images-26716.png,20969
images-26717.png,20970
images-26718.png,20971
images-26719.png,20972
images-26720.png,20973
images-26721.png,20974
images-26722.png,20975
images-26723.png,20976
images-26724.png,20977
images-26725.png,20978
images-26726.png,20979
images-26727.png,20980
images-26728.png,20981
images-26729.png,20982
images-26730.png,20983
images-26731.png,20984
images-26732.png,20985
images-26733.png,20986
images-26734.png,20987
images-26735.png,20988
images-26736.png,20989
images-26737.png,20990
images-26738.png,20991
images-26739.png,20992
images-26740.png,20993
images-26741.png,20994
images-26742.png,20995
images-26743.png,20996
images-26744.png,20997
images-26745.png,20998
images-26746.png,20999
images-26747.png,21000
images-26748.png,21001
images-26749.png,21002
images-26750.png,21003
images-26751.png,21004
images-26752.png,21005
images-26753.png,21006
images-26754.png,21007
images-26755.png,21008
images-26756.png,21009
images-26757.png,21010
images-26758.png,21011
images-26759.png,21012
images-26760.png,21013
images-26761.png,21014
images-26762.png,21015
images-26763.png,21016
images-26764.png,21017
images-26765.png,21018
images-26766.png,21019
images-26767.png,21020
images-26768.png,21021
images-26769.png,21022
images-26770.png,21023
images-26771.png,21024
images-26772.png,21025
images-26773.png,21026
images-26774.png,21027
images-26775.png,21028
images-26776.png,21029
images-26777.png,21030
images-26778.png,21031
images-26779.png,21032
images-26780.png,21033
images-26781.png,21034
images-26782.png,21035
images-26783.png,21036
images-26784.png,21037
images-26785.png,21038
images-26786.png,21039
images-26787.png,21040
images-26788.png,21041
images-26789.png,21042
images-26790.png,21043
images-26791.png,21044
images-26792.png,21045
images-26793.png,21046
images-26794.png,21047
images-26795.png,21048
images-26796.png,21049
images-26797.png,21050
images-26798.png,21051
images-26799.png,21052
images-26800.png,21053
images-26801.png,21054
images-26802.png,21055
images-26803.png,21056
images-26804.png,21057
images-26805.png,21058
images-26806.png,21059
images-26807.png,21060
images-26808.png,21061
images-26809.png,21062
images-26810.png,21063
images-26811.png,21064
images-26812.png,21065
images-26813.png,21066
images-26814.png,21067
images-26815.png,21068
images-26816.png,21069
images-26817.png,21070
images-26818.png,21071
images-26819.png,21072
images-26820.png,21073
images-26821.png,21074
images-26822.png,21075
images-26823.png,21076
images-26824.png,21077
images-26825.png,21078
images-26826.png,21079
images-26827.png,21080
images-26828.png,21081
images-26829.png,21082
images-26830.png,21083
images-26831.png,21084
images-26832.png,21085
images-26833.png,21086
images-26834.png,21087
images-26835.png,21088
images-26836.png,21089
images-26837.png,21090
images-26838.png,21091
images-26839.png,21092
images-26840.png,21093
images-26841.png,21094
images-26842.png,21095
images-26843.png,21096
images-26844.png,21097
images-26845.png,21098
images-26846.png,21099
images-26847.png,21100
images-26848.png,21101
images-26849.png,21102
images-26850.png,21103
images-26851.png,21104
images-26852.png,21105
images-26853.png,21106
images-26854.png,21107
images-26855.png,21108
images-26856.png,21109
images-26857.png,21110
images-26858.png,21111
images-26859.png,21112
images-26860.png,21113
images-26861.png,21114
images-26862.png,21115
images-26863.png,21116
images-26864.png,21117
images-26865.png,21118
images-26866.png,21119
images-26867.png,21120
images-26868.png,21121
images-26869.png,21122
images-26870.png,21123
images-26871.png,21124
images-26872.png,21125
images-26873.png,21126
images-26874.png,21127
images-26875.png,21128
images-26876.png,21129
images-26877.png,21130
images-26878.png,21131
images-26879.png,21132
images-26880.png,21133
images-26881.png,21134
images-26882.png,21135
images-26883.png,21136
images-26884.png,21137
images-26885.png,21138
images-26886.png,21139
images-26887.png,21140
images-26888.png,21141
images-26889.png,21142
images-26897.png,21143
images-26898.png,21144
images-26899.png,21145
images-26900.png,21146
images-26901.png,21147
images-26902.png,21148
images-26903.png,21149
images-26904.png,21150
images-26905.png,21151
images-26906.png,21152
images-26907.png,21153
images-26908.png,21154
images-26909.png,21155
images-26910.png,21156
images-26911.png,21157
images-26912.png,21158
images-26913.png,21159
images-26914.png,21160
images-26915.png,21161
images-26916.png,21162
images-26917.png,21163
images-26918.png,21164
images-26919.png,21165
images-26920.png,21166
images-26921.png,21167
images-26922.png,21168
images-26923.png,21169
images-26924.png,21170
images-26925.png,21171
images-26926.png,21172
images-26927.png,21173
images-26928.png,21174
images-26929.png,21175
images-26930.png,21176
images-26931.png,21177
images-26932.png,21178
images-26933.png,21179
images-26934.png,21180
images-26935.png,21181
images-26936.png,21182
images-26937.png,21183
images-26938.png,21184
images-26939.png,21185
images-26940.png,21186
images-26941.png,21187
images-26942.png,21188
images-26943.png,21189
images-26944.png,21190
images-26945.png,21191
images-26946.png,21192
images-26947.png,21193
images-26948.png,21194
images-26949.png,21195
images-26950.png,21196
images-26951.png,21197
images-26952.png,21198
images-26953.png,21199
images-26954.png,21200
images-26955.png,21201
images-26956.png,21202
images-26957.png,21203
images-26958.png,21204
images-26959.png,21205
images-26960.png,21206
images-26961.png,21207
images-26962.png,21208
images-26963.png,21209
images-26964.png,21210
images-26965.png,21211
images-26966.png,21212
images-26967.png,21213
images-26968.png,21214
images-26969.png,21215
images-26970.png,21216
images-26971.png,21217
images-26972.png,21218
images-26973.png,21219
images-26974.png,21220
images-26975.png,21221
images-26976.png,21222
images-26977.png,21223
images-26978.png,21224
images-26979.png,21225
images-26980.png,21226
images-26981.png,21227
images-26982.png,21228
images-26983.png,21229
images-26984.png,21230
images-26985.png,21231
images-26986.png,21232
images-26987.png,21233
images-26988.png,21234
images-26989.png,21235
images-26990.png,21236
images-26991.png,21237
images-26992.png,21238
images-26993.png,21239
images-26994.png,21240
images-26995.png,21241
images-26996.png,21242
images-27012.png,21243
images-27013.png,21244
images-27014.png,21245
images-27015.png,21246
images-27016.png,21247
images-27017.png,21248
images-27018.png,21249
images-27019.png,21250
images-27020.png,21251
images-27021.png,21252
images-27022.png,21253
images-27023.png,21254
images-27024.png,21255
images-27025.png,21256
images-27026.png,21257
images-27027.png,21258
images-27028.png,21259
images-27029.png,21260
images-27030.png,21261
images-27031.png,21262
images-27032.png,21263
images-27033.png,21264
images-27034.png,21265
images-27035.png,21266
images-27036.png,21267
images-27037.png,21268
images-27038.png,21269
images-27039.png,21270
images-27040.png,21271
images-27041.png,21272
images-27042.png,21273
images-27043.png,21274
images-27044.png,21275
images-27045.png,21276
images-27046.png,21277
images-27047.png,21278
images-27048.png,21279
images-27049.png,21280
images-27050.png,21281
images-27051.png,21282
images-27052.png,21283
images-27053.png,21284
images-27054.png,21285
images-27055.png,21286
images-27056.png,21287
images-27057.png,21288
images-27058.png,21289
images-27059.png,21290
images-27060.png,21291
images-27061.png,21292
images-27062.png,21293
images-27063.png,21294
images-27064.png,21295
images-27065.png,21296
images-27066.png,21297
images-27067.png,21298
images-27068.png,21299
images-27069.png,21300
images-27070.png,21301
images-27071.png,21302
images-27072.png,21303
images-27073.png,21304
images-27074.png,21305
images-27075.png,21306
images-27076.png,21307
images-27077.png,21308
images-27078.png,21309
images-27079.png,21310
images-27080.png,21311
images-27081.png,21312
images-27082.png,21313
images-27083.png,21314
images-27084.png,21315
images-27085.png,21316
images-27086.png,21317
images-27087.png,21318
images-27088.png,21319
images-27089.png,21320
images-27090.png,21321
images-27091.png,21322
images-27092.png,21323
images-27093.png,21324
images-27094.png,21325
images-27095.png,21326
images-27096.png,21327
images-27097.png,21328
images-27098.png,21329
images-27099.png,21330
images-27100.png,21331
images-27101.png,21332
images-27102.png,21333
images-27103.png,21334
images-27104.png,21335
images-27105.png,21336
images-27106.png,21337
images-27107.png,21338
images-27108.png,21339
images-27109.png,21340
images-27110.png,21341
images-27111.png,21342
images-27112.png,21343
images-27113.png,21344
images-27114.png,21345
images-27115.png,21346
images-27116.png,21347
images-27117.png,21348
images-27118.png,21349
images-27119.png,21350
images-27120.png,21351
images-27121.png,21352
images-27122.png,21353
images-27123.png,21354
images-27124.png,21355
images-27125.png,21356
images-27126.png,21357
images-27127.png,21358
images-27128.png,21359
images-27129.png,21360
images-27130.png,21361
images-27131.png,21362
images-27132.png,21363
images-27133.png,21364
images-27134.png,21365
images-27135.png,21366
images-27136.png,21367
images-27137.png,21368
images-27138.png,21369
images-27139.png,21370
images-27140.png,21371
images-27141.png,21372
images-27142.png,21373
images-27143.png,21374
images-27144.png,21375
images-27145.png,21376
images-27146.png,21377
images-27147.png,21378
images-27148.png,21379
images-27149.png,21380
images-27150.png,21381
images-27151.png,21382
images-27152.png,21383
images-27153.png,21384
images-27154.png,21385
images-27155.png,21386
images-27156.png,21387
images-27157.png,21388
images-27158.png,21389
images-27159.png,21390
images-27160.png,21391
images-27161.png,21392
images-27162.png,21393
images-27163.png,21394
images-27164.png,21395
images-27165.png,21396
images-27166.png,21397
images-27167.png,21398
images-27168.png,21399
images-27169.png,21400
images-27170.png,21401
images-27171.png,21402
images-27172.png,21403
images-27173.png,21404
images-27174.png,21405
images-27175.png,21406
images-27176.png,21407
images-27177.png,21408
images-27178.png,21409
images-27179.png,21410
images-27180.png,21411
images-27181.png,21412
images-27182.png,21413
images-27183.png,21414
images-27184.png,21415
images-27185.png,21416
images-27186.png,21417
images-27187.png,21418
images-27188.png,21419
images-27189.png,21420
images-27190.png,21421
images-27191.png,21422
images-27192.png,21423
images-27193.png,21424
images-27194.png,21425
images-27195.png,21426
images-27196.png,21427
images-27197.png,21428
images-27198.png,21429
images-27199.png,21430
images-27200.png,21431
images-27201.png,21432
images-27202.png,21433
images-27203.png,21434
images-27204.png,21435
images-27205.png,21436
images-27206.png,21437
images-27207.png,21438
images-27208.png,21439
images-27209.png,21440
images-27210.png,21441
images-27211.png,21442
images-27212.png,21443
images-27213.png,21444
images-27214.png,21445
images-27215.png,21446
images-27216.png,21447
images-27217.png,21448
images-27218.png,21449
images-27219.png,21450
images-27220.png,21451
images-27221.png,21452
images-27222.png,21453
images-27223.png,21454
images-27224.png,21455
images-27225.png,21456
images-27226.png,21457
images-27227.png,21458
images-27228.png,21459
images-27229.png,21460
images-27230.png,21461
images-27231.png,21462
images-27232.png,21463
images-27233.png,21464
images-27234.png,21465
images-27235.png,21466
images-27236.png,21467
images-27237.png,21468
images-27238.png,21469
images-27239.png,21470
images-27240.png,21471
images-27241.png,21472
images-27242.png,21473
images-27243.png,21474
images-27244.png,21475
images-27245.png,21476
images-27246.png,21477
images-27247.png,21478
images-27248.png,21479
images-27249.png,21480
images-27250.png,21481
images-27251.png,21482
images-27252.png,21483
images-27253.png,21484
images-27254.png,21485
images-27255.png,21486
images-27256.png,21487
images-27257.png,21488
images-27258.png,21489
images-27259.png,21490
images-27260.png,21491
images-27261.png,21492
images-27262.png,21493
images-27263.png,21494
images-27264.png,21495
images-27265.png,21496
images-27266.png,21497
images-27267.png,21498
images-27268.png,21499
images-27269.png,21500
images-27270.png,21501
images-27271.png,21502
images-27272.png,21503
images-27273.png,21504
images-27274.png,21505
images-27275.png,21506
images-27276.png,21507
images-27277.png,21508
images-27278.png,21509
images-27279.png,21510
images-27280.png,21511
images-27281.png,21512
images-27282.png,21513
images-27283.png,21514
images-27284.png,21515
images-27285.png,21516
images-27286.png,21517
images-27287.png,21518
images-27288.png,21519
images-27289.png,21520
images-27290.png,21521
images-27291.png,21522
images-27292.png,21523
images-27293.png,21524
images-27294.png,21525
images-27295.png,21526
images-27296.png,21527
images-27297.png,21528
images-27298.png,21529
images-27299.png,21530
images-27300.png,21531
images-27301.png,21532
images-27302.png,21533
images-27303.png,21534
images-27304.png,21535
images-27305.png,21536
images-27306.png,21537
images-27307.png,21538
images-27308.png,21539
images-27309.png,21540
images-27310.png,21541
images-27311.png,21542
images-27312.png,21543
images-27313.png,21544
images-27314.png,21545
images-27315.png,21546
images-27316.png,21547
images-27317.png,21548
images-27318.png,21549
images-27319.png,21550
images-27320.png,21551
images-27321.png,21552
images-27322.png,21553
images-27323.png,21554
images-27324.png,21555
images-27325.png,21556
images-27326.png,21557
images-27327.png,21558
images-27328.png,21559
images-27329.png,21560
images-27330.png,21561
images-27331.png,21562
images-27332.png,21563
images-27333.png,21564
images-27334.png,21565
images-27335.png,21566
images-27336.png,21567
images-27337.png,21568
images-27338.png,21569
images-27339.png,21570
images-27340.png,21571
images-27341.png,21572
images-27342.png,21573
images-27343.png,21574
images-27344.png,21575
images-27345.png,21576
images-27346.png,21577
images-27347.png,21578
images-27348.png,21579
images-27349.png,21580
images-27350.png,21581
images-27351.png,21582
images-27352.png,21583
images-27353.png,21584
images-27354.png,21585
images-27355.png,21586
images-27356.png,21587
images-27357.png,21588
images-27358.png,21589
images-27359.png,21590
images-27360.png,21591
images-27361.png,21592
images-27362.png,21593
images-27363.png,21594
images-27364.png,21595
images-27365.png,21596
images-27366.png,21597
images-27367.png,21598
images-27368.png,21599
images-27369.png,21600
images-27370.png,21601
images-27371.png,21602
images-27372.png,21603
images-27373.png,21604
images-27374.png,21605
images-27375.png,21606
images-27376.png,21607
images-27377.png,21608
images-27378.png,21609
images-27379.png,21610
images-27380.png,21611
images-27381.png,21612
images-27382.png,21613
images-27383.png,21614
images-27384.png,21615
images-27385.png,21616
images-27386.png,21617
images-27387.png,21618
images-27388.png,21619
images-27389.png,21620
images-27390.png,21621
images-27391.png,21622
images-27392.png,21623
images-27393.png,21624
images-27394.png,21625
images-27395.png,21626
images-27396.png,21627
images-27397.png,21628
images-27398.png,21629
images-27399.png,21630
images-27400.png,21631
images-27401.png,21632
images-27402.png,21633
images-27403.png,21634
images-27404.png,21635
images-27405.png,21636
images-27406.png,21637
images-27407.png,21638
images-27423.png,21639
images-27424.png,21640
images-27425.png,21641
images-27426.png,21642
images-27427.png,21643
images-27428.png,21644
images-27429.png,21645
images-27430.png,21646
images-27431.png,21647
images-27435.png,21648
images-27436.png,21649
images-27437.png,21650
images-27438.png,21651
images-27439.png,21652
images-27440.png,21653
images-27441.png,21654
images-27442.png,21655
images-27443.png,21656
images-27444.png,21657
images-27445.png,21658
images-27446.png,21659
images-27447.png,21660
images-27448.png,21661
images-27449.png,21662
images-27450.png,21663
images-27451.png,21664
images-27452.png,21665
images-27453.png,21666
images-27454.png,21667
images-27455.png,21668
images-27456.png,21669
images-27457.png,21670
images-27458.png,21671
images-27459.png,21672
images-27460.png,21673
images-27461.png,21674
images-27462.png,21675
images-27463.png,21676
images-27464.png,21677
images-27465.png,21678
images-27466.png,21679
images-27467.png,21680
images-27468.png,21681
images-27469.png,21682
images-27470.png,21683
images-27471.png,21684
images-27472.png,21685
images-27473.png,21686
images-27474.png,21687
images-27475.png,21688
images-27476.png,21689
images-27477.png,21690
images-27478.png,21691
images-27479.png,21692
images-27480.png,21693
images-27481.png,21694
images-27482.png,21695
images-27483.png,21696
images-27484.png,21697
images-27485.png,21698
images-27486.png,21699
images-27487.png,21700
images-27488.png,21701
images-27489.png,21702
images-27490.png,21703
images-27491.png,21704
images-27492.png,21705
images-27493.png,21706
images-27494.png,21707
images-27495.png,21708
images-27496.png,21709
images-27497.png,21710
images-27498.png,21711
images-27499.png,21712
images-27500.png,21713
images-27501.png,21714
images-27502.png,21715
images-27503.png,21716
images-27504.png,21717
images-27505.png,21718
images-27506.png,21719
images-27507.png,21720
images-27508.png,21721
images-27509.png,21722
images-27510.png,21723
images-27511.png,21724
images-27512.png,21725
images-27513.png,21726
images-27514.png,21727
images-27515.png,21728
images-27516.png,21729
images-27517.png,21730
images-27518.png,21731
images-27519.png,21732
images-27520.png,21733
images-27521.png,21734
images-27522.png,21735
images-27523.png,21736
images-27524.png,21737
images-27525.png,21738
images-27526.png,21739
images-27527.png,21740
images-27528.png,21741
images-27529.png,21742
images-27530.png,21743
images-27531.png,21744
images-27532.png,21745
images-27533.png,21746
images-27534.png,21747
images-27535.png,21748
images-27536.png,21749
images-27537.png,21750
images-27538.png,21751
images-27539.png,21752
images-27540.png,21753
images-27541.png,21754
images-27542.png,21755
images-27543.png,21756
images-27544.png,21757
images-27545.png,21758
images-27546.png,21759
images-27547.png,21760
images-27548.png,21761
images-27549.png,21762
images-27550.png,21763
images-27551.png,21764
images-27552.png,21765
images-27553.png,21766
images-27554.png,21767
images-27555.png,21768
images-27556.png,21769
images-27557.png,21770
images-27558.png,21771
images-27559.png,21772
images-27560.png,21773
images-27561.png,21774
images-27562.png,21775
images-27563.png,21776
images-27564.png,21777
images-27565.png,21778
images-27566.png,21779
images-27567.png,21780
images-27568.png,21781
images-27569.png,21782
images-27570.png,21783
images-27571.png,21784
images-27572.png,21785
images-27573.png,21786
images-27574.png,21787
images-27575.png,21788
images-27576.png,21789
images-27577.png,21790
images-27578.png,21791
images-27579.png,21792
images-27580.png,21793
images-27581.png,21794
images-27582.png,21795
images-27583.png,21796
images-27584.png,21797
images-27585.png,21798
images-27586.png,21799
images-27587.png,21800
images-27588.png,21801
images-27589.png,21802
images-27590.png,21803
images-27591.png,21804
images-27592.png,21805
images-27593.png,21806
images-27594.png,21807
images-27595.png,21808
images-27596.png,21809
images-27597.png,21810
images-27598.png,21811
images-27599.png,21812
images-27600.png,21813
images-27601.png,21814
images-27602.png,21815
images-27603.png,21816
images-27604.png,21817
images-27605.png,21818
images-27606.png,21819
images-27607.png,21820
images-27608.png,21821
images-27609.png,21822
images-27610.png,21823
images-27611.png,21824
images-27612.png,21825
images-27613.png,21826
images-27614.png,21827
images-27615.png,21828
images-27616.png,21829
images-27617.png,21830
images-27618.png,21831
images-27619.png,21832
images-27620.png,21833
images-27621.png,21834
images-27622.png,21835
images-27623.png,21836
images-27624.png,21837
images-27625.png,21838
images-27626.png,21839
images-27627.png,21840
images-27628.png,21841
images-27629.png,21842
images-27630.png,21843
images-27631.png,21844
images-27632.png,21845
images-27633.png,21846
images-27634.png,21847
images-27635.png,21848
images-27636.png,21849
images-27637.png,21850
images-27638.png,21851
images-27639.png,21852
images-27640.png,21853
images-27641.png,21854
images-27642.png,21855
images-27643.png,21856
images-27644.png,21857
images-27645.png,21858
images-27646.png,21859
images-27647.png,21860
images-27648.png,21861
images-27649.png,21862
images-27650.png,21863
images-27651.png,21864
images-27652.png,21865
images-27653.png,21866
images-27654.png,21867
images-27655.png,21868
images-27656.png,21869
images-27657.png,21870
images-27658.png,21871
images-27659.png,21872
images-27660.png,21873
images-27661.png,21874
images-27662.png,21875
images-27663.png,21876
images-27664.png,21877
images-27665.png,21878
images-27666.png,21879
images-27667.png,21880
images-27668.png,21881
images-27669.png,21882
images-27670.png,21883
images-27671.png,21884
images-27672.png,21885
images-27673.png,21886
images-27674.png,21887
images-27675.png,21888
images-27676.png,21889
images-27677.png,21890
images-27678.png,21891
images-27679.png,21892
images-27680.png,21893
images-27681.png,21894
images-27682.png,21895
images-27683.png,21896
images-27684.png,21897
images-27685.png,21898
images-27686.png,21899
images-27687.png,21900
images-27688.png,21901
images-27689.png,21902
images-27690.png,21903
images-27691.png,21904
images-27692.png,21905
images-27693.png,21906
images-27694.png,21907
images-27695.png,21908
images-27696.png,21909
images-27697.png,21910
images-27698.png,21911
images-27699.png,21912
images-27700.png,21913
images-27701.png,21914
images-27702.png,21915
images-27703.png,21916
images-27704.png,21917
images-27705.png,21918
images-27706.png,21919
images-27707.png,21920
images-27708.png,21921
images-27709.png,21922
images-27710.png,21923
images-27711.png,21924
images-27712.png,21925
images-27713.png,21926
images-27714.png,21927
images-27715.png,21928
images-27716.png,21929
images-27717.png,21930
images-27718.png,21931
images-27719.png,21932
images-27720.png,21933
images-27721.png,21934
images-27722.png,21935
images-27723.png,21936
images-27724.png,21937
images-27725.png,21938
images-27726.png,21939
images-27727.png,21940
images-27728.png,21941
images-27729.png,21942
images-27730.png,21943
images-27731.png,21944
images-27732.png,21945
images-27733.png,21946
images-27734.png,21947
images-27735.png,21948
images-27736.png,21949
images-27737.png,21950
images-27738.png,21951
images-27739.png,21952
images-27740.png,21953
images-27741.png,21954
images-27742.png,21955
images-27743.png,21956
images-27744.png,21957
images-27745.png,21958
images-27746.png,21959
images-27747.png,21960
images-27748.png,21961
images-27749.png,21962
images-27750.png,21963
images-27751.png,21964
images-27752.png,21965
images-27753.png,21966
images-27754.png,21967
images-27755.png,21968
images-27756.png,21969
images-27757.png,21970
images-27758.png,21971
images-27759.png,21972
images-27760.png,21973
images-27761.png,21974
images-27762.png,21975
images-27763.png,21976
images-27764.png,21977
images-27765.png,21978
images-27766.png,21979
images-27767.png,21980
images-27768.png,21981
images-27769.png,21982
images-27770.png,21983
images-27771.png,21984
images-27772.png,21985
images-27773.png,21986
images-27774.png,21987
images-27775.png,21988
images-27776.png,21989
images-27777.png,21990
images-27778.png,21991
images-27779.png,21992
images-27780.png,21993
images-27781.png,21994
images-27782.png,21995
images-27783.png,21996
images-27784.png,21997
images-27785.png,21998
images-27786.png,21999
images-27787.png,22000
images-27788.png,22001
images-27789.png,22002
images-27790.png,22003
images-27791.png,22004
images-27792.png,22005
images-27793.png,22006
images-27794.png,22007
images-27795.png,22008
images-27796.png,22009
images-27797.png,22010
images-27798.png,22011
images-27799.png,22012
images-27800.png,22013
images-27801.png,22014
images-27802.png,22015
images-27803.png,22016
images-27804.png,22017
images-27805.png,22018
images-27806.png,22019
images-27807.png,22020
images-27808.png,22021
images-27809.png,22022
images-27810.png,22023
images-27811.png,22024
images-27812.png,22025
images-27813.png,22026
images-27814.png,22027
images-27815.png,22028
images-27816.png,22029
images-27817.png,22030
images-27818.png,22031
images-27819.png,22032
images-27820.png,22033
images-27821.png,22034
images-27822.png,22035
images-27823.png,22036
images-27824.png,22037
images-27825.png,22038
images-27826.png,22039
images-27827.png,22040
images-27828.png,22041
images-27829.png,22042
images-27830.png,22043
images-27831.png,22044
images-27832.png,22045
images-27833.png,22046
images-27834.png,22047
images-27835.png,22048
images-27836.png,22049
images-27837.png,22050
images-27838.png,22051
images-27839.png,22052
images-27840.png,22053
images-27841.png,22054
images-27842.png,22055
images-27843.png,22056
images-27844.png,22057
images-27845.png,22058
images-27846.png,22059
images-27847.png,22060
images-27848.png,22061
images-27849.png,22062
images-27850.png,22063
images-27851.png,22064
images-27852.png,22065
images-27853.png,22066
images-27854.png,22067
images-27855.png,22068
images-27856.png,22069
images-27857.png,22070
images-27858.png,22071
images-27859.png,22072
images-27860.png,22073
images-27861.png,22074
images-27862.png,22075
images-27863.png,22076
images-27864.png,22077
images-27865.png,22078
images-27866.png,22079
images-27867.png,22080
images-27868.png,22081
images-27869.png,22082
images-27870.png,22083
images-27871.png,22084
images-27872.png,22085
images-27873.png,22086
images-27874.png,22087
images-27875.png,22088
images-27876.png,22089
images-27877.png,22090
images-27878.png,22091
images-27879.png,22092
images-27880.png,22093
images-27881.png,22094
images-27882.png,22095
images-27883.png,22096
images-27884.png,22097
images-27885.png,22098
images-27886.png,22099
images-27887.png,22100
images-27888.png,22101
images-27889.png,22102
images-27890.png,22103
images-27891.png,22104
images-27892.png,22105
images-27893.png,22106
images-27894.png,22107
images-27895.png,22108
images-27896.png,22109
images-27897.png,22110
images-27898.png,22111
images-27899.png,22112
images-27900.png,22113
images-27901.png,22114
images-27902.png,22115
images-27903.png,22116
images-27904.png,22117
images-27905.png,22118
images-27906.png,22119
images-27907.png,22120
images-27908.png,22121
images-27909.png,22122
images-27910.png,22123
images-27911.png,22124
images-27912.png,22125
images-27913.png,22126
images-27914.png,22127
images-27915.png,22128
images-27916.png,22129
images-27917.png,22130
images-27918.png,22131
images-27919.png,22132
images-27920.png,22133
images-27921.png,22134
images-27922.png,22135
images-27923.png,22136
images-27924.png,22137
images-27925.png,22138
images-27943.png,22139
images-27944.png,22140
images-27945.png,22141
images-27946.png,22142
images-27947.png,22143
images-27948.png,22144
images-27949.png,22145
images-27950.png,22146
images-27951.png,22147
images-27952.png,22148
images-27953.png,22149
images-27954.png,22150
images-27955.png,22151
images-27956.png,22152
images-27957.png,22153
images-27958.png,22154
images-27959.png,22155
images-27960.png,22156
images-27961.png,22157
images-27962.png,22158
images-27963.png,22159
images-27964.png,22160
images-27965.png,22161
images-27966.png,22162
images-27967.png,22163
images-27968.png,22164
images-27969.png,22165
images-27970.png,22166
images-27971.png,22167
images-27972.png,22168
images-27973.png,22169
images-27974.png,22170
images-27975.png,22171
images-27976.png,22172
images-27977.png,22173
images-27978.png,22174
images-27979.png,22175
images-27980.png,22176
images-27981.png,22177
images-27982.png,22178
images-27983.png,22179
images-27984.png,22180
images-27985.png,22181
images-27986.png,22182
images-27987.png,22183
images-27988.png,22184
images-27989.png,22185
images-27990.png,22186
images-27991.png,22187
images-27992.png,22188
images-27993.png,22189
images-27994.png,22190
images-27995.png,22191
images-27996.png,22192
images-27997.png,22193
images-27998.png,22194
images-27999.png,22195
images-28000.png,22196
images-28001.png,22197
images-28002.png,22198
images-28003.png,22199
images-28004.png,22200
images-28005.png,22201
images-28006.png,22202
images-28007.png,22203
images-28008.png,22204
images-28009.png,22205
images-28010.png,22206
images-28011.png,22207
images-28012.png,22208
images-28013.png,22209
images-28014.png,22210
images-28015.png,22211
images-28016.png,22212
images-28017.png,22213
images-28018.png,22214
images-28019.png,22215
images-28020.png,22216
images-28021.png,22217
images-28022.png,22218
images-28023.png,22219
images-28024.png,22220
images-28025.png,22221
images-28026.png,22222
images-28027.png,22223
images-28028.png,22224
images-28029.png,22225
images-28030.png,22226
images-28031.png,22227
images-28032.png,22228
images-28033.png,22229
images-28034.png,22230
images-28035.png,22231
images-28036.png,22232
images-28037.png,22233
images-28038.png,22234
images-28039.png,22235
images-28040.png,22236
images-28041.png,22237
images-28042.png,22238
images-28043.png,22239
images-28044.png,22240
images-28045.png,22241
images-28046.png,22242
images-28047.png,22243
images-28048.png,22244
images-28049.png,22245
images-28050.png,22246
images-28051.png,22247
images-28052.png,22248
images-28053.png,22249
images-28054.png,22250
images-28055.png,22251
images-28056.png,22252
images-28057.png,22253
images-28058.png,22254
images-28059.png,22255
images-28060.png,22256
images-28061.png,22257
images-28062.png,22258
images-28063.png,22259
images-28064.png,22260
images-28065.png,22261
images-28066.png,22262
images-28067.png,22263
images-28068.png,22264
images-28069.png,22265
images-28070.png,22266
images-28071.png,22267
images-28072.png,22268
images-28073.png,22269
images-28074.png,22270
images-28075.png,22271
images-28076.png,22272
images-28077.png,22273
images-28078.png,22274
images-28079.png,22275
images-28080.png,22276
images-28081.png,22277
images-28082.png,22278
images-28083.png,22279
images-28084.png,22280
images-28085.png,22281
images-28086.png,22282
images-28087.png,22283
images-28088.png,22284
images-28089.png,22285
images-28090.png,22286
images-28091.png,22287
images-28092.png,22288
images-28093.png,22289
images-28094.png,22290
images-28095.png,22291
images-28096.png,22292
images-28097.png,22293
images-28098.png,22294
images-28099.png,22295
images-28100.png,22296
images-28101.png,22297
images-28102.png,22298
images-28103.png,22299
images-28104.png,22300
images-28105.png,22301
images-28106.png,22302
images-28107.png,22303
images-28108.png,22304
images-28109.png,22305
images-28110.png,22306
images-28111.png,22307
images-28112.png,22308
images-28113.png,22309
images-28114.png,22310
images-28115.png,22311
images-28116.png,22312
images-28117.png,22313
images-28118.png,22314
images-28119.png,22315
images-28120.png,22316
images-28121.png,22317
images-28122.png,22318
images-28123.png,22319
images-28124.png,22320
images-28125.png,22321
images-28126.png,22322
images-28127.png,22323
images-28128.png,22324
images-28129.png,22325
images-28130.png,22326
images-28131.png,22327
images-28132.png,22328
images-28133.png,22329
images-28134.png,22330
images-28135.png,22331
images-28136.png,22332
images-28137.png,22333
images-28138.png,22334
images-28139.png,22335
images-28140.png,22336
images-28141.png,22337
images-28142.png,22338
images-28143.png,22339
images-28144.png,22340
images-28145.png,22341
images-28146.png,22342
images-28147.png,22343
images-28148.png,22344
images-28149.png,22345
images-28150.png,22346
images-28151.png,22347
images-28152.png,22348
images-28153.png,22349
images-28154.png,22350
images-28155.png,22351
images-28156.png,22352
images-28157.png,22353
images-28158.png,22354
images-28159.png,22355
images-28160.png,22356
images-28161.png,22357
images-28162.png,22358
images-28163.png,22359
images-28164.png,22360
images-28165.png,22361
images-28166.png,22362
images-28167.png,22363
images-28168.png,22364
images-28169.png,22365
images-28170.png,22366
images-28171.png,22367
images-28172.png,22368
images-28173.png,22369
images-28174.png,22370
images-28175.png,22371
images-28176.png,22372
images-28177.png,22373
images-28178.png,22374
images-28179.png,22375
images-28180.png,22376
images-28181.png,22377
images-28182.png,22378
images-28183.png,22379
images-28184.png,22380
images-28185.png,22381
images-28186.png,22382
images-28187.png,22383
images-28188.png,22384
images-28189.png,22385
images-28190.png,22386
images-28191.png,22387
images-28192.png,22388
images-28193.png,22389
images-28194.png,22390
images-28195.png,22391
images-28196.png,22392
images-28197.png,22393
images-28198.png,22394
images-28199.png,22395
images-28200.png,22396
images-28201.png,22397
images-28202.png,22398
images-28203.png,22399
images-28204.png,22400
images-28205.png,22401
images-28206.png,22402
images-28207.png,22403
images-28208.png,22404
images-28209.png,22405
images-28210.png,22406
images-28211.png,22407
images-28212.png,22408
images-28213.png,22409
images-28214.png,22410
images-28215.png,22411
images-28216.png,22412
images-28217.png,22413
images-28218.png,22414
images-28219.png,22415
images-28220.png,22416
images-28221.png,22417
images-28222.png,22418
images-28223.png,22419
images-28224.png,22420
images-28225.png,22421
images-28226.png,22422
images-28227.png,22423
images-28228.png,22424
images-28229.png,22425
images-28230.png,22426
images-28231.png,22427
images-28232.png,22428
images-28233.png,22429
images-28234.png,22430
images-28235.png,22431
images-28236.png,22432
images-28237.png,22433
images-28238.png,22434
images-28239.png,22435
images-28240.png,22436
images-28241.png,22437
images-28242.png,22438
images-28243.png,22439
images-28244.png,22440
images-28245.png,22441
images-28246.png,22442
images-28247.png,22443
images-28248.png,22444
images-28249.png,22445
images-28250.png,22446
images-28251.png,22447
images-28252.png,22448
images-28253.png,22449
images-28254.png,22450
images-28255.png,22451
images-28256.png,22452
images-28257.png,22453
images-28258.png,22454
images-28259.png,22455
images-28260.png,22456
images-28261.png,22457
images-28262.png,22458
images-28263.png,22459
images-28264.png,22460
images-28265.png,22461
images-28266.png,22462
images-28267.png,22463
images-28268.png,22464
images-28269.png,22465
images-28270.png,22466
images-28271.png,22467
images-28272.png,22468
images-28273.png,22469
images-28274.png,22470
images-28275.png,22471
images-28276.png,22472
images-28277.png,22473
images-28278.png,22474
images-28279.png,22475
images-28280.png,22476
images-28281.png,22477
images-28282.png,22478
images-28283.png,22479
images-28284.png,22480
images-28285.png,22481
images-28286.png,22482
images-28287.png,22483
images-28288.png,22484
images-28289.png,22485
images-28290.png,22486
images-28291.png,22487
images-28292.png,22488
images-28293.png,22489
images-28294.png,22490
images-28295.png,22491
images-28296.png,22492
images-28297.png,22493
images-28298.png,22494
images-28299.png,22495
images-28300.png,22496
images-28301.png,22497
images-28302.png,22498
images-28303.png,22499
images-28304.png,22500
images-28305.png,22501
images-28306.png,22502
images-28307.png,22503
images-28308.png,22504
images-28309.png,22505
images-28310.png,22506
images-28311.png,22507
images-28312.png,22508
images-28313.png,22509
images-28314.png,22510
images-28315.png,22511
images-28316.png,22512
images-28317.png,22513
images-28318.png,22514
images-28319.png,22515
images-28320.png,22516
images-28321.png,22517
images-28322.png,22518
images-28323.png,22519
images-28324.png,22520
images-28325.png,22521
images-28326.png,22522
images-28327.png,22523
images-28328.png,22524
images-28329.png,22525
images-28330.png,22526
images-28331.png,22527
images-28332.png,22528
images-28333.png,22529
images-28334.png,22530
images-28335.png,22531
images-28336.png,22532
images-28337.png,22533
images-28338.png,22534
images-28339.png,22535
images-28340.png,22536
images-28341.png,22537
images-28342.png,22538
images-28343.png,22539
images-28344.png,22540
images-28345.png,22541
images-28346.png,22542
images-28347.png,22543
images-28348.png,22544
images-28349.png,22545
images-28350.png,22546
images-28351.png,22547
images-28352.png,22548
images-28353.png,22549
images-28354.png,22550
images-28355.png,22551
images-28356.png,22552
images-28357.png,22553
images-28358.png,22554
images-28359.png,22555
images-28360.png,22556
images-28361.png,22557
images-28362.png,22558
images-28363.png,22559
images-28364.png,22560
images-28365.png,22561
images-28366.png,22562
images-28367.png,22563
images-28368.png,22564
images-28369.png,22565
images-28370.png,22566
images-28371.png,22567
images-28372.png,22568
images-28373.png,22569
images-28374.png,22570
images-28375.png,22571
images-28376.png,22572
images-28377.png,22573
images-28378.png,22574
images-28379.png,22575
images-28380.png,22576
images-28381.png,22577
images-28382.png,22578
images-28383.png,22579
images-28384.png,22580
images-28385.png,22581
images-28386.png,22582
images-28387.png,22583
images-28388.png,22584
images-28389.png,22585
images-28390.png,22586
images-28391.png,22587
images-28392.png,22588
images-28393.png,22589
images-28394.png,22590
images-28395.png,22591
images-28396.png,22592
images-28397.png,22593
images-28398.png,22594
images-28399.png,22595
images-28400.png,22596
images-28401.png,22597
images-28402.png,22598
images-28403.png,22599
images-28404.png,22600
images-28405.png,22601
images-28406.png,22602
images-28407.png,22603
images-28408.png,22604
images-28409.png,22605
images-28410.png,22606
images-28411.png,22607
images-28412.png,22608
images-28413.png,22609
images-28414.png,22610
images-28415.png,22611
images-28416.png,22612
images-28417.png,22613
images-28418.png,22614
images-28419.png,22615
images-28420.png,22616
images-28421.png,22617
images-28422.png,22618
images-28423.png,22619
images-28424.png,22620
images-28425.png,22621
images-28426.png,22622
images-28427.png,22623
images-28428.png,22624
images-28429.png,22625
images-28430.png,22626
images-28431.png,22627
images-28432.png,22628
images-28433.png,22629
images-28434.png,22630
images-28435.png,22631
images-28436.png,22632
images-28437.png,22633
images-28438.png,22634
images-28439.png,22635
images-28440.png,22636
images-28441.png,22637
images-28442.png,22638
images-28443.png,22639
images-28444.png,22640
images-28445.png,22641
images-28446.png,22642
images-28447.png,22643
images-28448.png,22644
images-28449.png,22645
images-28450.png,22646
images-28451.png,22647
images-28452.png,22648
images-28453.png,22649
images-28454.png,22650
images-28455.png,22651
images-28456.png,22652
images-28457.png,22653
images-28458.png,22654
images-28459.png,22655
images-28460.png,22656
images-28461.png,22657
images-28462.png,22658
images-28463.png,22659
images-28464.png,22660
images-28465.png,22661
images-28466.png,22662
images-28467.png,22663
images-28468.png,22664
images-28469.png,22665
images-28470.png,22666
images-28471.png,22667
images-28472.png,22668
images-28473.png,22669
images-28474.png,22670
images-28475.png,22671
images-28476.png,22672
images-28477.png,22673
images-28478.png,22674
images-28479.png,22675
images-28480.png,22676
images-28481.png,22677
images-28482.png,22678
images-28483.png,22679
images-28484.png,22680
images-28485.png,22681
images-28486.png,22682
images-28487.png,22683
images-28488.png,22684
images-28489.png,22685
images-28490.png,22686
images-28491.png,22687
images-28492.png,22688
images-28493.png,22689
images-28494.png,22690
images-28495.png,22691
images-28496.png,22692
images-28497.png,22693
images-28498.png,22694
images-28499.png,22695
images-28500.png,22696
images-28501.png,22697
images-28502.png,22698
images-28503.png,22699
images-28504.png,22700
images-28505.png,22701
images-28506.png,22702
images-28507.png,22703
images-28508.png,22704
images-28509.png,22705
images-28510.png,22706
images-28511.png,22707
images-28512.png,22708
images-28513.png,22709
images-28514.png,22710
images-28515.png,22711
images-28516.png,22712
images-28517.png,22713
images-28518.png,22714
images-28519.png,22715
images-28520.png,22716
images-28521.png,22717
images-28522.png,22718
images-28523.png,22719
images-28524.png,22720
images-28525.png,22721
images-28526.png,22722
images-28527.png,22723
images-28528.png,22724
images-28529.png,22725
images-28530.png,22726
images-28531.png,22727
images-28532.png,22728
images-28533.png,22729
images-28534.png,22730
images-28535.png,22731
images-28536.png,22732
images-28537.png,22733
images-28538.png,22734
images-28539.png,22735
images-28540.png,22736
images-28541.png,22737
images-28542.png,22738
images-28543.png,22739
images-28544.png,22740
images-28545.png,22741
images-28546.png,22742
images-28547.png,22743
images-28548.png,22744
images-28549.png,22745
images-28550.png,22746
images-28551.png,22747
images-28552.png,22748
images-28553.png,22749
images-28554.png,22750
images-28555.png,22751
images-28556.png,22752
images-28557.png,22753
images-28558.png,22754
images-28559.png,22755
images-28560.png,22756
images-28561.png,22757
images-28562.png,22758
images-28563.png,22759
images-28564.png,22760
images-28565.png,22761
images-28566.png,22762
images-28567.png,22763
images-28568.png,22764
images-28569.png,22765
images-28570.png,22766
images-28571.png,22767
images-28572.png,22768
images-28573.png,22769
images-28574.png,22770
images-28575.png,22771
images-28576.png,22772
images-28577.png,22773
images-28578.png,22774
images-28579.png,22775
images-28580.png,22776
images-28581.png,22777
images-28582.png,22778
images-28583.png,22779
images-28584.png,22780
images-28585.png,22781
images-28586.png,22782
images-28587.png,22783
images-28588.png,22784
images-28589.png,22785
images-28590.png,22786
images-28591.png,22787
images-28592.png,22788
images-28593.png,22789
images-28594.png,22790
images-28595.png,22791
images-28596.png,22792
images-28597.png,22793
images-28598.png,22794
images-28599.png,22795
images-28600.png,22796
images-28601.png,22797
images-28602.png,22798
images-28603.png,22799
images-28604.png,22800
images-28605.png,22801
images-28606.png,22802
images-28607.png,22803
images-28608.png,22804
images-28609.png,22805
images-28610.png,22806
images-28611.png,22807
images-28612.png,22808
images-28613.png,22809
images-28614.png,22810
images-28615.png,22811
images-28616.png,22812
images-28617.png,22813
images-28618.png,22814
images-28619.png,22815
images-28620.png,22816
images-28621.png,22817
images-28622.png,22818
images-28623.png,22819
images-28624.png,22820
images-28625.png,22821
images-28626.png,22822
images-28627.png,22823
images-28628.png,22824
images-28629.png,22825
images-28630.png,22826
images-28631.png,22827
images-28632.png,22828
images-28633.png,22829
images-28634.png,22830
images-28635.png,22831
images-28636.png,22832
images-28637.png,22833
images-28638.png,22834
images-28639.png,22835
images-28640.png,22836
images-28641.png,22837
images-28642.png,22838
images-28643.png,22839
images-28644.png,22840
images-28645.png,22841
images-28646.png,22842
images-28647.png,22843
images-28648.png,22844
images-28649.png,22845
images-28650.png,22846
images-28651.png,22847
images-28652.png,22848
images-28653.png,22849
images-28654.png,22850
images-28655.png,22851
images-28656.png,22852
images-28657.png,22853
images-28658.png,22854
images-28659.png,22855
images-28660.png,22856
images-28661.png,22857
images-28662.png,22858
images-28663.png,22859
images-28664.png,22860
images-28665.png,22861
images-28666.png,22862
images-28667.png,22863
images-28668.png,22864
images-28669.png,22865
images-28670.png,22866
images-28671.png,22867
images-28672.png,22868
images-28673.png,22869
images-28674.png,22870
images-28675.png,22871
images-28676.png,22872
images-28677.png,22873
images-28678.png,22874
images-28679.png,22875
images-28680.png,22876
images-28681.png,22877
images-28682.png,22878
images-28683.png,22879
images-28684.png,22880
images-28685.png,22881
images-28686.png,22882
images-28693.png,22883
images-28694.png,22884
images-28695.png,22885
images-28696.png,22886
images-28697.png,22887
images-28698.png,22888
images-28699.png,22889
images-28700.png,22890
images-28701.png,22891
images-28702.png,22892
images-28703.png,22893
images-28704.png,22894
images-28705.png,22895
images-28706.png,22896
images-28707.png,22897
images-28708.png,22898
images-28709.png,22899
images-28710.png,22900
images-28711.png,22901
images-28712.png,22902
images-28713.png,22903
images-28714.png,22904
images-28715.png,22905
images-28716.png,22906
images-28717.png,22907
images-28718.png,22908
images-28719.png,22909
images-28720.png,22910
images-28721.png,22911
images-28722.png,22912
images-28723.png,22913
images-28724.png,22914
images-28725.png,22915
images-28726.png,22916
images-28727.png,22917
images-28728.png,22918
images-28729.png,22919
images-28730.png,22920
images-28731.png,22921
images-28732.png,22922
images-28733.png,22923
images-28734.png,22924
images-28735.png,22925
images-28736.png,22926
images-28737.png,22927
images-28738.png,22928
images-28739.png,22929
images-28740.png,22930
images-28741.png,22931
images-28742.png,22932
images-28743.png,22933
images-28744.png,22934
images-28745.png,22935
images-28746.png,22936
images-28747.png,22937
images-28748.png,22938
images-28749.png,22939
images-28750.png,22940
images-28751.png,22941
images-28752.png,22942
images-28753.png,22943
images-28754.png,22944
images-28755.png,22945
images-28756.png,22946
images-28757.png,22947
images-28758.png,22948
images-28759.png,22949
images-28760.png,22950
images-28761.png,22951
images-28762.png,22952
images-28763.png,22953
images-28764.png,22954
images-28765.png,22955
images-28766.png,22956
images-28767.png,22957
images-28768.png,22958
images-28769.png,22959
images-28770.png,22960
images-28771.png,22961
images-28772.png,22962
images-28773.png,22963
images-28774.png,22964
images-28775.png,22965
images-28776.png,22966
images-28777.png,22967
images-28778.png,22968
images-28779.png,22969
images-28780.png,22970
images-28781.png,22971
images-28782.png,22972
images-28783.png,22973
images-28784.png,22974
images-28785.png,22975
images-28786.png,22976
images-28787.png,22977
images-28788.png,22978
images-28789.png,22979
images-28790.png,22980
images-28791.png,22981
images-28792.png,22982
images-28793.png,22983
images-28794.png,22984
images-28795.png,22985
images-28796.png,22986
images-28797.png,22987
images-28798.png,22988
images-28799.png,22989
images-28800.png,22990
images-28801.png,22991
images-28802.png,22992
images-28803.png,22993
images-28804.png,22994
images-28805.png,22995
images-28806.png,22996
images-28807.png,22997
images-28808.png,22998
images-28809.png,22999
images-28810.png,23000
images-28811.png,23001
images-28812.png,23002
images-28813.png,23003
images-28814.png,23004
images-28815.png,23005
images-28816.png,23006
images-28817.png,23007
images-28818.png,23008
images-28819.png,23009
images-28820.png,23010
images-28821.png,23011
images-28822.png,23012
images-28823.png,23013
images-28824.png,23014
images-28825.png,23015
images-28826.png,23016
images-28827.png,23017
images-28828.png,23018
images-28829.png,23019
images-28830.png,23020
images-28831.png,23021
images-28832.png,23022
images-28833.png,23023
images-28834.png,23024
images-28835.png,23025
images-28836.png,23026
images-28837.png,23027
images-28838.png,23028
images-28839.png,23029
images-28840.png,23030
images-28841.png,23031
images-28842.png,23032
images-28843.png,23033
images-28844.png,23034
images-28845.png,23035
images-28846.png,23036
images-28847.png,23037
images-28848.png,23038
images-28849.png,23039
images-28850.png,23040
images-28851.png,23041
images-28852.png,23042
images-28853.png,23043
images-28854.png,23044
images-28855.png,23045
images-28856.png,23046
images-28857.png,23047
images-28858.png,23048
images-28859.png,23049
images-28860.png,23050
images-28861.png,23051
images-28862.png,23052
images-28863.png,23053
images-28864.png,23054
images-28865.png,23055
images-28866.png,23056
images-28867.png,23057
images-28868.png,23058
images-28869.png,23059
images-28870.png,23060
images-28871.png,23061
images-28872.png,23062
images-28873.png,23063
images-28874.png,23064
images-28875.png,23065
images-28876.png,23066
images-28877.png,23067
images-28878.png,23068
images-28879.png,23069
images-28880.png,23070
images-28881.png,23071
images-28882.png,23072
images-28883.png,23073
images-28884.png,23074
images-28885.png,23075
images-28886.png,23076
images-28887.png,23077
images-28888.png,23078
images-28889.png,23079
images-28890.png,23080
images-28891.png,23081
images-28892.png,23082
images-28893.png,23083
images-28894.png,23084
images-28895.png,23085
images-28896.png,23086
images-28897.png,23087
images-28898.png,23088
images-28899.png,23089
images-28900.png,23090
images-28901.png,23091
images-28902.png,23092
images-28903.png,23093
images-28904.png,23094
images-28905.png,23095
images-28906.png,23096
images-28907.png,23097
images-28908.png,23098
images-28909.png,23099
images-28910.png,23100
images-28911.png,23101
images-28912.png,23102
images-28913.png,23103
images-28914.png,23104
images-28915.png,23105
images-28916.png,23106
images-28923.png,23107
images-28924.png,23108
images-28925.png,23109
images-28926.png,23110
images-28927.png,23111
images-28928.png,23112
images-28929.png,23113
images-28930.png,23114
images-28931.png,23115
images-28932.png,23116
images-28933.png,23117
images-28934.png,23118
images-28935.png,23119
images-28936.png,23120
images-28937.png,23121
images-28938.png,23122
images-28939.png,23123
images-28940.png,23124
images-28941.png,23125
images-28942.png,23126
images-28943.png,23127
images-28944.png,23128
images-28945.png,23129
images-28946.png,23130
images-28947.png,23131
images-28948.png,23132
images-28949.png,23133
images-28950.png,23134
images-28951.png,23135
images-29117.png,23136
images-29118.png,23137
images-29119.png,23138
images-29120.png,23139
images-29121.png,23140
images-29122.png,23141
images-29123.png,23142
images-29124.png,23143
images-29125.png,23144
images-29126.png,23145
images-29127.png,23146
images-29128.png,23147
images-29129.png,23148
images-29130.png,23149
images-29131.png,23150
images-29132.png,23151
images-29133.png,23152
images-29134.png,23153
images-29135.png,23154
images-29136.png,23155
images-29137.png,23156
images-29138.png,23157
images-29139.png,23158
images-29140.png,23159
images-29141.png,23160
images-29142.png,23161
images-29143.png,23162
images-29144.png,23163
images-29145.png,23164
images-29146.png,23165
images-29147.png,23166
images-29148.png,23167
images-29149.png,23168
images-29150.png,23169
images-29151.png,23170
images-29152.png,23171
images-29153.png,23172
images-29154.png,23173
images-29155.png,23174
images-29156.png,23175
images-29157.png,23176
images-29158.png,23177
images-29159.png,23178
images-29160.png,23179
images-29161.png,23180
images-29162.png,23181
images-29163.png,23182
images-29164.png,23183
images-29165.png,23184
images-29166.png,23185
images-29167.png,23186
images-29168.png,23187
images-29169.png,23188
images-29170.png,23189
images-29171.png,23190
images-29172.png,23191
images-29173.png,23192
images-29174.png,23193
images-29175.png,23194
images-29176.png,23195
images-29177.png,23196
images-29178.png,23197
images-29179.png,23198
images-29180.png,23199
images-29181.png,23200
images-29182.png,23201
images-29183.png,23202
images-29184.png,23203
images-29185.png,23204
images-29186.png,23205
images-29187.png,23206
images-29188.png,23207
images-29189.png,23208
images-29190.png,23209
images-29191.png,23210
images-29192.png,23211
images-29193.png,23212
images-29194.png,23213
images-29195.png,23214
images-29196.png,23215
images-29197.png,23216
images-29198.png,23217
images-29199.png,23218
images-29200.png,23219
images-29201.png,23220
images-29202.png,23221
images-29203.png,23222
images-29204.png,23223
images-29205.png,23224
images-29206.png,23225
images-29207.png,23226
images-29208.png,23227
images-29209.png,23228
images-29210.png,23229
images-29211.png,23230
images-29212.png,23231
images-29213.png,23232
images-29214.png,23233
images-29215.png,23234
images-29216.png,23235
images-29217.png,23236
images-29218.png,23237
images-29219.png,23238
images-29220.png,23239
images-29221.png,23240
images-29222.png,23241
images-29223.png,23242
images-29224.png,23243
images-29225.png,23244
images-29226.png,23245
images-29227.png,23246
images-29228.png,23247
images-29229.png,23248
images-29230.png,23249
images-29231.png,23250
images-29232.png,23251
images-29233.png,23252
images-29234.png,23253
images-29235.png,23254
images-29236.png,23255
images-29237.png,23256
images-29238.png,23257
images-29239.png,23258
images-29240.png,23259
images-29241.png,23260
images-29242.png,23261
images-29243.png,23262
images-29244.png,23263
images-29245.png,23264
images-29246.png,23265
images-29247.png,23266
images-29248.png,23267
images-29249.png,23268
images-29250.png,23269
images-29251.png,23270
images-29252.png,23271
images-29253.png,23272
images-29254.png,23273
images-29255.png,23274
images-29256.png,23275
images-29257.png,23276
images-29258.png,23277
images-29259.png,23278
images-29260.png,23279
images-29261.png,23280
images-29262.png,23281
images-29263.png,23282
images-29264.png,23283
images-29265.png,23284
images-29266.png,23285
images-29267.png,23286
images-29268.png,23287
images-29269.png,23288
images-29270.png,23289
images-29271.png,23290
images-29272.png,23291
images-29273.png,23292
images-29274.png,23293
images-29275.png,23294
images-29276.png,23295
images-29277.png,23296
images-29278.png,23297
images-29279.png,23298
images-29280.png,23299
images-29281.png,23300
images-29282.png,23301
images-29283.png,23302
images-29284.png,23303
images-29285.png,23304
images-29286.png,23305
images-29287.png,23306
images-29288.png,23307
images-29289.png,23308
images-29290.png,23309
images-29291.png,23310
images-29292.png,23311
images-29293.png,23312
images-29294.png,23313
images-29295.png,23314
images-29296.png,23315
images-29297.png,23316
images-29298.png,23317
images-29299.png,23318
images-29300.png,23319
images-29301.png,23320
images-29302.png,23321
images-29303.png,23322
images-29304.png,23323
images-29305.png,23324
images-29306.png,23325
images-29307.png,23326
images-29308.png,23327
images-29309.png,23328
images-29310.png,23329
images-29311.png,23330
images-29312.png,23331
images-29313.png,23332
images-29314.png,23333
images-29315.png,23334
images-29316.png,23335
images-29317.png,23336
images-29318.png,23337
images-29319.png,23338
images-29320.png,23339
images-29331.png,23340
images-29332.png,23341
images-29333.png,23342
images-29334.png,23343
images-29335.png,23344
images-29336.png,23345
images-29337.png,23346
images-29338.png,23347
images-29339.png,23348
images-29340.png,23349
images-29341.png,23350
images-29342.png,23351
images-29343.png,23352
images-29344.png,23353
images-29345.png,23354
images-29346.png,23355
images-29347.png,23356
images-29348.png,23357
images-29349.png,23358
images-29350.png,23359
images-29351.png,23360
images-29352.png,23361
images-29353.png,23362
images-29354.png,23363
images-29355.png,23364
images-29356.png,23365
images-29357.png,23366
images-29358.png,23367
images-29359.png,23368
images-29360.png,23369
images-29361.png,23370
images-29362.png,23371
images-29363.png,23372
images-29364.png,23373
images-29365.png,23374
images-29366.png,23375
images-29367.png,23376
images-29368.png,23377
images-29369.png,23378
images-29370.png,23379
images-29371.png,23380
images-29372.png,23381
images-29373.png,23382
images-29374.png,23383
images-29375.png,23384
images-29376.png,23385
images-29377.png,23386
images-29378.png,23387
images-29379.png,23388
images-29380.png,23389
images-29381.png,23390
images-29382.png,23391
images-29383.png,23392
images-29421.png,23393
images-29422.png,23394
images-29423.png,23395
images-29424.png,23396
images-29425.png,23397
images-29426.png,23398
images-29427.png,23399
images-29428.png,23400
images-29429.png,23401
images-29430.png,23402
images-29431.png,23403
images-29432.png,23404
images-29433.png,23405
images-29434.png,23406
images-29435.png,23407
images-29436.png,23408
images-29437.png,23409
images-29438.png,23410
images-29439.png,23411
images-29440.png,23412
images-29441.png,23413
images-29442.png,23414
images-29443.png,23415
images-29444.png,23416
images-29445.png,23417
images-29446.png,23418
images-29447.png,23419
images-29448.png,23420
images-29449.png,23421
images-29450.png,23422
images-29451.png,23423
images-29452.png,23424
images-29453.png,23425
images-29454.png,23426
images-29455.png,23427
images-29456.png,23428
images-29457.png,23429
images-29458.png,23430
images-29459.png,23431
images-29460.png,23432
images-29461.png,23433
images-29462.png,23434
images-29463.png,23435
images-29464.png,23436
images-29465.png,23437
images-29466.png,23438
images-29467.png,23439
images-29468.png,23440
images-29469.png,23441
images-29470.png,23442
images-29471.png,23443
images-29472.png,23444
images-29473.png,23445
images-29474.png,23446
images-29475.png,23447
images-29476.png,23448
images-29477.png,23449
images-29478.png,23450
images-29479.png,23451
images-29480.png,23452
images-29481.png,23453
images-29482.png,23454
images-29483.png,23455
images-29484.png,23456
images-29485.png,23457
images-29486.png,23458
images-29487.png,23459
images-29488.png,23460
images-29489.png,23461
images-29490.png,23462
images-29491.png,23463
images-29492.png,23464
images-29493.png,23465
images-29494.png,23466
images-29495.png,23467
images-29496.png,23468
images-29497.png,23469
images-29498.png,23470
images-29499.png,23471
images-29500.png,23472
images-29501.png,23473
images-29502.png,23474
images-29503.png,23475
images-29504.png,23476
images-29505.png,23477
images-29506.png,23478
images-29507.png,23479
images-29508.png,23480
images-29509.png,23481
images-29510.png,23482
images-29511.png,23483
images-29512.png,23484
images-29513.png,23485
images-29514.png,23486
images-29515.png,23487
images-29516.png,23488
images-29517.png,23489
images-29518.png,23490
images-29519.png,23491
images-29520.png,23492
images-29521.png,23493
images-29522.png,23494
images-29523.png,23495
images-29524.png,23496
images-29532.png,23497
images-29533.png,23498
images-29534.png,23499
images-29535.png,23500
images-29536.png,23501
images-29537.png,23502
images-29538.png,23503
images-29539.png,23504
images-29540.png,23505
images-29541.png,23506
images-29542.png,23507
images-29543.png,23508
images-29544.png,23509
images-29545.png,23510
images-29546.png,23511
images-29547.png,23512
images-29548.png,23513
images-29549.png,23514
images-29550.png,23515
images-29551.png,23516
images-29552.png,23517
images-29553.png,23518
images-29554.png,23519
images-29555.png,23520
images-29556.png,23521
images-29557.png,23522
images-29558.png,23523
images-29559.png,23524
images-29560.png,23525
images-29561.png,23526
images-29562.png,23527
images-29563.png,23528
images-29564.png,23529
images-29565.png,23530
images-29566.png,23531
images-29567.png,23532
images-29568.png,23533
images-29569.png,23534
images-29570.png,23535
images-29571.png,23536
images-29572.png,23537
images-29573.png,23538
images-29574.png,23539
images-29575.png,23540
images-29576.png,23541
images-29577.png,23542
images-29578.png,23543
images-29579.png,23544
images-29580.png,23545
images-29581.png,23546
images-29582.png,23547
images-29583.png,23548
images-29584.png,23549
images-29585.png,23550
images-29586.png,23551
images-29587.png,23552
images-29588.png,23553
images-29589.png,23554
images-29590.png,23555
images-29591.png,23556
images-29592.png,23557
images-29593.png,23558
images-29594.png,23559
images-29595.png,23560
images-29596.png,23561
images-29597.png,23562
images-29598.png,23563
images-29599.png,23564
images-29600.png,23565
images-29601.png,23566
images-29602.png,23567
images-29603.png,23568
images-29604.png,23569
images-29605.png,23570
images-29606.png,23571
images-29607.png,23572
images-29608.png,23573
images-29609.png,23574
images-29610.png,23575
images-29611.png,23576
images-29612.png,23577
images-29613.png,23578
images-29614.png,23579
images-29615.png,23580
images-29616.png,23581
images-29617.png,23582
images-29618.png,23583
images-29619.png,23584
images-29620.png,23585
images-29621.png,23586
images-29622.png,23587
images-29623.png,23588
images-29624.png,23589
images-29625.png,23590
images-29626.png,23591
images-29627.png,23592
images-29628.png,23593
images-29629.png,23594
images-29630.png,23595
images-29631.png,23596
images-29632.png,23597
images-29633.png,23598
images-29634.png,23599
images-29635.png,23600
images-29636.png,23601
images-29637.png,23602
images-29638.png,23603
images-29639.png,23604
images-29640.png,23605
images-29641.png,23606
images-29642.png,23607
images-29643.png,23608
images-29644.png,23609
images-29645.png,23610
images-29646.png,23611
images-29647.png,23612
images-29648.png,23613
images-29649.png,23614
images-29650.png,23615
images-29651.png,23616
images-29652.png,23617
images-29653.png,23618
images-29654.png,23619
images-29655.png,23620
images-29656.png,23621
images-29657.png,23622
images-29658.png,23623
images-29659.png,23624
images-29660.png,23625
images-29661.png,23626
images-29662.png,23627
images-29663.png,23628
images-29664.png,23629
images-29665.png,23630
images-29666.png,23631
images-29667.png,23632
images-29668.png,23633
images-29669.png,23634
images-29670.png,23635
images-29671.png,23636
images-29672.png,23637
images-29673.png,23638
images-29674.png,23639
images-29675.png,23640
images-29676.png,23641
images-29677.png,23642
images-29678.png,23643
images-29679.png,23644
images-29680.png,23645
images-29681.png,23646
images-29682.png,23647
images-29683.png,23648
images-29684.png,23649
images-29685.png,23650
images-29686.png,23651
images-29687.png,23652
images-29688.png,23653
images-29689.png,23654
images-29690.png,23655
images-29691.png,23656
images-29692.png,23657
images-29707.png,23658
images-29708.png,23659
images-29709.png,23660
images-29710.png,23661
images-29711.png,23662
images-29712.png,23663
images-29713.png,23664
images-29714.png,23665
images-29715.png,23666
images-29716.png,23667
images-29717.png,23668
images-29718.png,23669
images-29719.png,23670
images-29720.png,23671
images-29721.png,23672
images-29722.png,23673
images-29723.png,23674
images-29724.png,23675
images-29725.png,23676
images-29726.png,23677
images-29727.png,23678
images-29728.png,23679
images-29729.png,23680
images-29730.png,23681
images-29731.png,23682
images-29732.png,23683
images-29733.png,23684
images-29734.png,23685
images-29735.png,23686
images-29736.png,23687
images-29737.png,23688
images-29738.png,23689
images-29739.png,23690
images-29740.png,23691
images-29741.png,23692
images-29742.png,23693
images-29743.png,23694
images-29744.png,23695
images-29745.png,23696
images-29746.png,23697
images-29747.png,23698
images-29748.png,23699
images-29749.png,23700
images-29750.png,23701
images-29751.png,23702
images-29752.png,23703
images-29753.png,23704
images-29754.png,23705
images-29755.png,23706
images-29756.png,23707
images-29757.png,23708
images-29758.png,23709
images-29759.png,23710
images-29760.png,23711
images-29761.png,23712
images-29762.png,23713
images-29763.png,23714
images-29764.png,23715
images-29765.png,23716
images-29766.png,23717
images-29767.png,23718
images-29768.png,23719
images-29769.png,23720
images-29770.png,23721
images-29771.png,23722
images-29772.png,23723
images-29773.png,23724
images-29774.png,23725
images-29775.png,23726
images-29776.png,23727
images-29777.png,23728
images-29778.png,23729
images-29779.png,23730
images-29780.png,23731
images-29781.png,23732
images-29782.png,23733
images-29783.png,23734
images-29784.png,23735
images-29785.png,23736
images-29786.png,23737
images-29787.png,23738
images-29788.png,23739
images-29789.png,23740
images-29790.png,23741
images-29791.png,23742
images-29792.png,23743
images-29793.png,23744
images-29794.png,23745
images-29795.png,23746
images-29796.png,23747
images-29797.png,23748
images-29798.png,23749
images-29799.png,23750
images-29800.png,23751
images-29801.png,23752
images-29802.png,23753
images-29803.png,23754
images-29804.png,23755
images-29805.png,23756
images-29806.png,23757
images-29807.png,23758
images-29808.png,23759
images-29809.png,23760
images-29810.png,23761
images-29811.png,23762
images-29812.png,23763
images-29813.png,23764
images-29814.png,23765
images-29815.png,23766
images-29816.png,23767
images-29817.png,23768
images-29818.png,23769
images-29819.png,23770
images-29820.png,23771
images-29821.png,23772
images-29822.png,23773
images-29823.png,23774
images-29824.png,23775
images-29825.png,23776
images-29826.png,23777
images-29827.png,23778
images-29828.png,23779
images-29829.png,23780
images-29830.png,23781
images-29831.png,23782
images-29832.png,23783
images-29833.png,23784
images-29834.png,23785
images-29835.png,23786
images-29836.png,23787
images-29837.png,23788
images-29838.png,23789
images-29839.png,23790
images-29840.png,23791
images-29841.png,23792
images-29842.png,23793
images-29843.png,23794
images-29844.png,23795
images-29845.png,23796
images-29846.png,23797
images-29847.png,23798
images-29848.png,23799
images-29849.png,23800
images-29850.png,23801
images-29851.png,23802
images-29852.png,23803
images-29853.png,23804
images-29854.png,23805
images-29855.png,23806
images-29856.png,23807
images-29857.png,23808
images-29858.png,23809
images-29859.png,23810
images-29860.png,23811
images-29861.png,23812
images-29862.png,23813
images-29863.png,23814
images-29864.png,23815
images-29865.png,23816
images-29866.png,23817
images-29867.png,23818
images-29868.png,23819
images-29869.png,23820
images-29870.png,23821
images-29871.png,23822
images-29872.png,23823
images-29873.png,23824
images-29874.png,23825
images-29875.png,23826
images-29876.png,23827
images-29877.png,23828
images-29878.png,23829
images-29879.png,23830
images-29880.png,23831
images-29881.png,23832
images-29882.png,23833
images-29883.png,23834
images-29884.png,23835
images-29885.png,23836
images-29886.png,23837
images-29887.png,23838
images-29888.png,23839
images-29889.png,23840
images-29890.png,23841
images-29891.png,23842
images-29892.png,23843
images-29893.png,23844
images-29894.png,23845
images-29895.png,23846
images-29896.png,23847
images-29897.png,23848
images-29898.png,23849
images-29899.png,23850
images-29900.png,23851
images-29901.png,23852
images-29902.png,23853
images-29903.png,23854
images-29904.png,23855
images-29905.png,23856
images-29906.png,23857
images-29907.png,23858
images-29908.png,23859
images-29909.png,23860
images-29910.png,23861
images-29911.png,23862
images-29912.png,23863
images-29913.png,23864
images-29914.png,23865
images-29915.png,23866
images-29916.png,23867
images-29917.png,23868
images-29918.png,23869
images-29919.png,23870
images-29920.png,23871
images-29921.png,23872
images-29922.png,23873
images-29923.png,23874
images-29924.png,23875
images-29925.png,23876
images-29926.png,23877
images-29927.png,23878
images-29928.png,23879
images-29929.png,23880
images-29930.png,23881
images-29931.png,23882
images-29932.png,23883
images-29933.png,23884
images-29934.png,23885
images-29935.png,23886
images-29936.png,23887
images-29937.png,23888
images-29938.png,23889
images-29939.png,23890
images-29940.png,23891
images-29941.png,23892
images-29942.png,23893
images-29943.png,23894
images-29944.png,23895
images-29945.png,23896
images-29946.png,23897
images-29947.png,23898
images-29948.png,23899
images-29949.png,23900
images-29950.png,23901
images-29951.png,23902
images-29952.png,23903
images-29953.png,23904
images-29954.png,23905
images-29955.png,23906
images-29956.png,23907
images-29957.png,23908
images-29958.png,23909
images-29959.png,23910
images-29960.png,23911
images-29961.png,23912
images-29962.png,23913
images-29963.png,23914
images-29964.png,23915
images-29965.png,23916
images-29966.png,23917
images-29967.png,23918
images-29968.png,23919
images-29969.png,23920
images-29970.png,23921
images-29971.png,23922
images-29972.png,23923
images-29973.png,23924
images-29981.png,23925
images-29982.png,23926
images-29983.png,23927
images-29984.png,23928
images-29985.png,23929
images-29986.png,23930
images-29987.png,23931
images-29988.png,23932
images-29989.png,23933
images-29990.png,23934
images-29991.png,23935
images-29992.png,23936
images-29993.png,23937
images-30010.png,23938
images-30011.png,23939
images-30012.png,23940
images-30013.png,23941
images-30014.png,23942
images-30015.png,23943
images-30016.png,23944
images-30017.png,23945
images-30018.png,23946
images-30019.png,23947
images-30020.png,23948
images-30021.png,23949
images-30022.png,23950
images-30023.png,23951
images-30024.png,23952
images-30025.png,23953
images-30026.png,23954
images-30027.png,23955
images-30028.png,23956
images-30029.png,23957
images-30030.png,23958
images-30031.png,23959
images-30032.png,23960
images-30033.png,23961
images-30034.png,23962
images-30035.png,23963
images-30036.png,23964
images-30037.png,23965
images-30038.png,23966
images-30039.png,23967
images-30040.png,23968
images-30041.png,23969
images-30042.png,23970
images-30043.png,23971
images-30044.png,23972
images-30045.png,23973
images-30046.png,23974
images-30047.png,23975
images-30048.png,23976
images-30049.png,23977
images-30050.png,23978
images-30051.png,23979
images-30052.png,23980
images-30053.png,23981
images-30054.png,23982
images-30055.png,23983
images-30056.png,23984
images-30057.png,23985
images-30058.png,23986
images-30059.png,23987
images-30060.png,23988
images-30061.png,23989
images-30062.png,23990
images-30063.png,23991
images-30064.png,23992
images-30065.png,23993
images-30066.png,23994
images-30067.png,23995
images-30068.png,23996
images-30069.png,23997
images-30070.png,23998
images-30071.png,23999
images-30072.png,24000
images-30091.png,24001
images-30092.png,24002
images-30093.png,24003
images-30094.png,24004
images-30095.png,24005
images-30096.png,24006
images-30097.png,24007
images-30098.png,24008
images-30099.png,24009
images-30100.png,24010
images-30101.png,24011
images-30102.png,24012
images-30106.png,24013
images-30107.png,24014
images-30108.png,24015
images-30109.png,24016
images-30110.png,24017
images-30111.png,24018
images-30112.png,24019
images-30113.png,24020
images-30114.png,24021
images-30115.png,24022
images-30116.png,24023
images-30117.png,24024
images-30118.png,24025
images-30119.png,24026
images-30120.png,24027
images-30121.png,24028
images-30122.png,24029
images-30123.png,24030
images-30124.png,24031
images-30125.png,24032
images-30126.png,24033
images-30127.png,24034
images-30128.png,24035
images-30129.png,24036
images-30130.png,24037
images-30131.png,24038
images-30132.png,24039
images-30133.png,24040
images-30134.png,24041
images-30135.png,24042
images-30136.png,24043
images-30142.png,24044
images-30143.png,24045
images-30144.png,24046
images-30145.png,24047
images-30146.png,24048
images-30147.png,24049
images-30148.png,24050
images-30149.png,24051
images-30150.png,24052
images-30151.png,24053
images-30152.png,24054
images-30153.png,24055
images-30154.png,24056
images-30155.png,24057
images-30156.png,24058
images-30157.png,24059
images-30158.png,24060
images-30159.png,24061
images-30160.png,24062
images-30161.png,24063
images-30162.png,24064
images-30163.png,24065
images-30164.png,24066
images-30165.png,24067
images-30166.png,24068
images-30167.png,24069
images-30168.png,24070
images-30169.png,24071
images-30170.png,24072
images-30171.png,24073
images-30172.png,24074
images-30173.png,24075
images-30179.png,24076
images-30180.png,24077
images-30181.png,24078
images-30182.png,24079
images-30183.png,24080
images-30184.png,24081
images-30185.png,24082
images-30186.png,24083
images-30187.png,24084
images-30188.png,24085
images-30189.png,24086
images-30190.png,24087
images-30191.png,24088
images-30192.png,24089
images-30193.png,24090
images-30194.png,24091
images-30195.png,24092
images-30196.png,24093
images-30197.png,24094
images-30198.png,24095
images-30199.png,24096
images-30200.png,24097
images-30201.png,24098
images-30202.png,24099
images-30203.png,24100
images-30211.png,24101
images-30212.png,24102
images-30213.png,24103
images-30214.png,24104
images-30215.png,24105
images-30216.png,24106
images-30217.png,24107
images-30218.png,24108
images-30219.png,24109
images-30220.png,24110
images-30221.png,24111
images-30222.png,24112
images-30223.png,24113
images-30224.png,24114
images-30225.png,24115
images-30226.png,24116
images-30227.png,24117
images-30228.png,24118
images-30229.png,24119
images-30230.png,24120
images-30231.png,24121
images-30232.png,24122
images-30233.png,24123
images-30234.png,24124
images-30235.png,24125
images-30236.png,24126
images-30237.png,24127
images-30238.png,24128
images-30239.png,24129
images-30240.png,24130
images-30241.png,24131
images-30242.png,24132
images-30243.png,24133
images-30244.png,24134
images-30245.png,24135
images-30246.png,24136
images-30247.png,24137
images-30248.png,24138
images-30249.png,24139
images-30250.png,24140
images-30251.png,24141
images-30252.png,24142
images-30253.png,24143
images-30254.png,24144
images-30255.png,24145
images-30256.png,24146
images-30257.png,24147
images-30258.png,24148
images-30259.png,24149
images-30260.png,24150
images-30261.png,24151
images-30262.png,24152
images-30263.png,24153
images-30264.png,24154
images-30265.png,24155
images-30266.png,24156
images-30267.png,24157
images-30268.png,24158
images-30269.png,24159
images-30270.png,24160
images-30271.png,24161
images-30272.png,24162
images-30273.png,24163
images-30274.png,24164
images-30275.png,24165
images-30276.png,24166
images-30277.png,24167
images-30278.png,24168
images-30279.png,24169
images-30280.png,24170
images-30281.png,24171
images-30282.png,24172
images-30283.png,24173
images-30284.png,24174
images-30285.png,24175
images-30286.png,24176
images-30287.png,24177
images-30288.png,24178
images-30289.png,24179
images-30290.png,24180
images-30291.png,24181
images-30292.png,24182
images-30293.png,24183
images-30294.png,24184
images-30295.png,24185
images-30296.png,24186
images-30297.png,24187
images-30298.png,24188
images-30299.png,24189
images-30300.png,24190
images-30301.png,24191
images-30302.png,24192
images-30303.png,24193
images-30304.png,24194
images-30305.png,24195
images-30306.png,24196
images-30307.png,24197
images-30308.png,24198
images-30309.png,24199
images-30310.png,24200
images-30311.png,24201
images-30312.png,24202
images-30313.png,24203
images-30314.png,24204
images-30315.png,24205
images-30316.png,24206
images-30317.png,24207
images-30318.png,24208
images-30319.png,24209
images-30320.png,24210
images-30321.png,24211
images-30322.png,24212
images-30323.png,24213
images-30324.png,24214
images-30325.png,24215
images-30326.png,24216
images-30327.png,24217
images-30328.png,24218
images-30329.png,24219
images-30330.png,24220
images-30331.png,24221
images-30332.png,24222
images-30333.png,24223
images-30334.png,24224
images-30335.png,24225
images-30336.png,24226
images-30337.png,24227
images-30338.png,24228
images-30339.png,24229
images-30340.png,24230
images-30341.png,24231
images-30342.png,24232
images-30343.png,24233
images-30344.png,24234
images-30345.png,24235
images-30346.png,24236
images-30347.png,24237
images-30348.png,24238
images-30349.png,24239
images-30350.png,24240
images-30351.png,24241
images-30352.png,24242
images-30353.png,24243
images-30354.png,24244
images-30355.png,24245
images-30356.png,24246
images-30357.png,24247
images-30358.png,24248
images-30359.png,24249
images-30360.png,24250
images-30361.png,24251
images-30362.png,24252
images-30363.png,24253
images-30364.png,24254
images-30365.png,24255
images-30366.png,24256
images-30367.png,24257
images-30368.png,24258
images-30369.png,24259
images-30370.png,24260
images-30371.png,24261
images-30372.png,24262
images-30373.png,24263
images-30374.png,24264
images-30375.png,24265
images-30376.png,24266
images-30377.png,24267
images-30378.png,24268
images-30379.png,24269
images-30380.png,24270
images-30381.png,24271
images-30382.png,24272
images-30383.png,24273
images-30384.png,24274
images-30385.png,24275
images-30386.png,24276
images-30387.png,24277
images-30388.png,24278
images-30389.png,24279
images-30390.png,24280
images-30391.png,24281
images-30392.png,24282
images-30393.png,24283
images-30394.png,24284
images-30395.png,24285
images-30396.png,24286
images-30397.png,24287
images-30398.png,24288
images-30399.png,24289
images-30400.png,24290
images-30401.png,24291
images-30402.png,24292
images-30403.png,24293
images-30404.png,24294
images-30405.png,24295
images-30406.png,24296
images-30407.png,24297
images-30408.png,24298
images-30409.png,24299
images-30410.png,24300
images-30411.png,24301
images-30412.png,24302
images-30516.png,24303
images-30517.png,24304
images-30518.png,24305
images-30519.png,24306
images-30520.png,24307
images-30521.png,24308
images-30522.png,24309
images-30523.png,24310
images-30524.png,24311
images-30525.png,24312
images-30526.png,24313
images-30527.png,24314
images-30528.png,24315
images-30529.png,24316
images-30530.png,24317
images-30531.png,24318
images-30532.png,24319
images-30533.png,24320
images-30534.png,24321
images-30535.png,24322
images-30536.png,24323
images-30537.png,24324
images-30538.png,24325
images-30539.png,24326
images-30540.png,24327
images-30541.png,24328
images-30542.png,24329
images-30543.png,24330
images-30544.png,24331
images-30545.png,24332
images-30546.png,24333
images-30547.png,24334
images-30548.png,24335
images-30549.png,24336
images-30550.png,24337
images-30551.png,24338
images-30552.png,24339
images-30553.png,24340
images-30554.png,24341
images-30555.png,24342
images-30556.png,24343
images-30557.png,24344
images-30558.png,24345
images-30559.png,24346
images-30560.png,24347
images-30561.png,24348
images-30562.png,24349
images-30563.png,24350
images-30564.png,24351
images-30565.png,24352
images-30566.png,24353
images-30567.png,24354
images-30568.png,24355
images-30569.png,24356
images-30570.png,24357
images-30571.png,24358
images-30572.png,24359
images-30573.png,24360
images-30574.png,24361
images-30575.png,24362
images-30576.png,24363
images-30577.png,24364
images-30578.png,24365
images-30579.png,24366
images-30580.png,24367
images-30581.png,24368
images-30582.png,24369
images-30583.png,24370
images-30584.png,24371
images-30585.png,24372
images-30586.png,24373
images-30587.png,24374
images-30588.png,24375
images-30589.png,24376
images-30590.png,24377
images-30591.png,24378
images-30592.png,24379
images-30593.png,24380
images-30594.png,24381
images-30595.png,24382
images-30596.png,24383
images-30597.png,24384
images-30598.png,24385
images-30599.png,24386
images-30600.png,24387
images-30601.png,24388
images-30602.png,24389
images-30603.png,24390
images-30604.png,24391
images-30605.png,24392
images-30606.png,24393
images-30607.png,24394
images-30608.png,24395
images-30609.png,24396
images-30610.png,24397
images-30611.png,24398
images-30612.png,24399
images-30613.png,24400
images-30614.png,24401
images-30615.png,24402
images-30616.png,24403
images-30617.png,24404
images-30618.png,24405
images-30619.png,24406
images-30620.png,24407
images-30621.png,24408
images-30622.png,24409
images-30623.png,24410
images-30624.png,24411
images-30625.png,24412
images-30626.png,24413
images-30627.png,24414
images-30628.png,24415
images-30629.png,24416
images-30630.png,24417
images-30631.png,24418
images-30632.png,24419
images-30633.png,24420
images-30634.png,24421
images-30635.png,24422
images-30636.png,24423
images-30637.png,24424
images-30638.png,24425
images-30639.png,24426
images-30640.png,24427
images-30641.png,24428
images-30642.png,24429
images-30643.png,24430
images-30644.png,24431
images-30645.png,24432
images-30646.png,24433
images-30647.png,24434
images-30648.png,24435
images-30649.png,24436
images-30650.png,24437
images-30651.png,24438
images-30652.png,24439
images-30653.png,24440
images-30654.png,24441
images-30655.png,24442
images-30656.png,24443
images-30657.png,24444
images-30658.png,24445
images-30659.png,24446
images-30660.png,24447
images-30661.png,24448
images-30662.png,24449
images-30663.png,24450
images-30664.png,24451
images-30665.png,24452
images-30666.png,24453
images-30667.png,24454
images-30668.png,24455
images-30669.png,24456
images-30670.png,24457
images-30671.png,24458
images-30672.png,24459
images-30673.png,24460
images-30674.png,24461
images-30675.png,24462
images-30676.png,24463
images-30677.png,24464
images-30678.png,24465
images-30679.png,24466
images-30680.png,24467
images-30681.png,24468
images-30682.png,24469
images-30683.png,24470
images-30684.png,24471
images-30685.png,24472
images-30686.png,24473
images-30687.png,24474
images-30688.png,24475
images-30689.png,24476
images-30690.png,24477
images-30691.png,24478
images-30692.png,24479
images-30693.png,24480
images-30694.png,24481
images-30695.png,24482
images-30696.png,24483
images-30697.png,24484
images-30698.png,24485
images-30699.png,24486
images-30700.png,24487
images-30701.png,24488
images-30702.png,24489
images-30703.png,24490
images-30704.png,24491
images-30705.png,24492
images-30706.png,24493
images-30707.png,24494
images-30708.png,24495
images-30709.png,24496
images-30710.png,24497
images-30711.png,24498
images-30712.png,24499
images-30713.png,24500
images-30714.png,24501
images-30715.png,24502
images-30716.png,24503
images-30717.png,24504
images-30718.png,24505
images-30719.png,24506
images-30720.png,24507
images-30721.png,24508
images-30722.png,24509
images-30723.png,24510
images-30724.png,24511
images-30725.png,24512
images-30726.png,24513
images-30727.png,24514
images-30728.png,24515
images-30729.png,24516
images-30730.png,24517
images-30731.png,24518
images-30732.png,24519
images-30733.png,24520
images-30734.png,24521
images-30735.png,24522
images-30736.png,24523
images-30737.png,24524
images-30738.png,24525
images-30739.png,24526
images-30740.png,24527
images-30741.png,24528
images-30742.png,24529
images-30743.png,24530
images-30744.png,24531
images-30745.png,24532
images-30746.png,24533
images-30747.png,24534
images-30748.png,24535
images-30749.png,24536
images-30750.png,24537
images-30751.png,24538
images-30752.png,24539
images-30753.png,24540
images-30754.png,24541
images-30755.png,24542
images-30756.png,24543
images-30757.png,24544
images-30758.png,24545
images-30759.png,24546
images-30760.png,24547
images-30761.png,24548
images-30762.png,24549
images-30763.png,24550
images-30764.png,24551
images-30765.png,24552
images-30766.png,24553
images-30767.png,24554
images-30768.png,24555
images-30769.png,24556
images-30770.png,24557
images-30771.png,24558
images-30772.png,24559
images-30773.png,24560
images-30774.png,24561
images-30775.png,24562
images-30776.png,24563
images-30777.png,24564
images-30778.png,24565
images-30779.png,24566
images-30780.png,24567
images-30781.png,24568
images-30782.png,24569
images-30783.png,24570
images-30784.png,24571
images-30785.png,24572
images-30786.png,24573
images-30787.png,24574
images-30788.png,24575
images-30789.png,24576
images-30790.png,24577
images-30791.png,24578
images-30792.png,24579
images-30793.png,24580
images-30794.png,24581
images-30795.png,24582
images-30796.png,24583
images-30797.png,24584
images-30798.png,24585
images-30799.png,24586
images-30800.png,24587
images-30801.png,24588
images-30802.png,24589
images-30803.png,24590
images-30804.png,24591
images-30805.png,24592
images-30806.png,24593
images-30807.png,24594
images-30808.png,24595
images-30809.png,24596
images-30810.png,24597
images-30811.png,24598
images-30812.png,24599
images-30813.png,24600
images-30814.png,24601
images-30815.png,24602
images-30816.png,24603
images-30817.png,24604
images-30818.png,24605
images-30819.png,24606
images-30820.png,24607
images-30821.png,24608
images-30822.png,24609
images-30823.png,24610
images-30824.png,24611
images-30825.png,24612
images-30826.png,24613
images-30827.png,24614
images-30828.png,24615
images-30829.png,24616
images-30830.png,24617
images-30831.png,24618
images-30832.png,24619
images-30833.png,24620
images-30834.png,24621
images-30835.png,24622
images-30836.png,24623
images-30837.png,24624
images-30838.png,24625
images-30839.png,24626
images-30840.png,24627
images-30841.png,24628
images-30842.png,24629
images-30843.png,24630
images-30844.png,24631
images-30845.png,24632
images-30846.png,24633
images-30847.png,24634
images-30848.png,24635
images-30849.png,24636
images-30850.png,24637
images-30851.png,24638
images-30852.png,24639
images-30853.png,24640
images-30854.png,24641
images-30855.png,24642
images-30856.png,24643
images-30857.png,24644
images-30858.png,24645
images-30859.png,24646
images-30860.png,24647
images-30861.png,24648
images-30862.png,24649
images-30863.png,24650
images-30864.png,24651
images-30865.png,24652
images-30866.png,24653
images-30867.png,24654
images-30868.png,24655
images-30869.png,24656
images-30870.png,24657
images-30871.png,24658
images-30872.png,24659
images-30873.png,24660
images-30874.png,24661
images-30875.png,24662
images-30876.png,24663
images-30877.png,24664
images-30878.png,24665
images-30879.png,24666
images-30880.png,24667
images-30881.png,24668
images-30882.png,24669
images-30883.png,24670
images-30884.png,24671
images-30885.png,24672
images-30886.png,24673
images-30887.png,24674
images-30888.png,24675
images-30889.png,24676
images-30890.png,24677
images-30891.png,24678
images-30892.png,24679
images-30893.png,24680
images-30894.png,24681
images-30895.png,24682
images-30896.png,24683
images-30897.png,24684
images-30898.png,24685
images-30899.png,24686
images-30900.png,24687
images-30901.png,24688
images-30902.png,24689
images-30903.png,24690
images-30904.png,24691
images-30905.png,24692
images-30906.png,24693
images-30907.png,24694
images-30908.png,24695
images-30909.png,24696
images-30910.png,24697
images-30911.png,24698
images-30912.png,24699
images-30913.png,24700
images-30914.png,24701
images-30915.png,24702
images-30916.png,24703
images-30917.png,24704
images-30918.png,24705
images-30919.png,24706
images-30920.png,24707
images-30921.png,24708
images-30922.png,24709
images-30923.png,24710
images-30924.png,24711
images-30925.png,24712
images-30926.png,24713
images-30927.png,24714
images-30928.png,24715
images-30929.png,24716
images-30930.png,24717
images-30931.png,24718
images-30932.png,24719
images-30933.png,24720
images-30934.png,24721
images-30935.png,24722
images-30936.png,24723
images-30937.png,24724
images-30938.png,24725
images-30939.png,24726
images-30940.png,24727
images-30941.png,24728
images-30942.png,24729
images-30943.png,24730
images-30944.png,24731
images-30945.png,24732
images-30946.png,24733
images-30947.png,24734
images-30948.png,24735
images-30949.png,24736
images-30950.png,24737
images-30951.png,24738
images-30952.png,24739
images-30953.png,24740
images-30954.png,24741
images-30955.png,24742
images-30956.png,24743
images-30957.png,24744
images-30958.png,24745
images-30959.png,24746
images-30960.png,24747
images-30961.png,24748
images-30962.png,24749
images-30963.png,24750
images-30964.png,24751
images-30965.png,24752
images-30966.png,24753
images-30967.png,24754
images-30968.png,24755
images-30969.png,24756
images-30970.png,24757
images-30971.png,24758
images-30972.png,24759
images-30973.png,24760
images-30974.png,24761
images-30975.png,24762
images-30976.png,24763
images-30977.png,24764
images-30978.png,24765
images-30979.png,24766
images-30980.png,24767
images-30981.png,24768
images-30982.png,24769
images-30983.png,24770
images-30984.png,24771
images-30985.png,24772
images-30986.png,24773
images-30987.png,24774
images-30988.png,24775
images-30989.png,24776
images-30990.png,24777
images-30991.png,24778
images-30992.png,24779
images-30993.png,24780
images-30994.png,24781
images-30995.png,24782
images-30996.png,24783
images-30997.png,24784
images-30998.png,24785
images-30999.png,24786
images-31000.png,24787
images-31001.png,24788
images-31002.png,24789
images-31003.png,24790
images-31004.png,24791
images-31005.png,24792
images-31006.png,24793
images-31007.png,24794
images-31008.png,24795
images-31009.png,24796
images-31010.png,24797
images-31011.png,24798
images-31012.png,24799
images-31013.png,24800
images-31014.png,24801
images-31015.png,24802
images-31016.png,24803
images-31017.png,24804
images-31018.png,24805
images-31019.png,24806
images-31020.png,24807
images-31021.png,24808
images-31022.png,24809
images-31023.png,24810
images-31024.png,24811
images-31025.png,24812
images-31026.png,24813
images-31027.png,24814
images-31028.png,24815
images-31029.png,24816
images-31030.png,24817
images-31031.png,24818
images-31032.png,24819
images-31033.png,24820
images-31034.png,24821
images-31035.png,24822
images-31036.png,24823
images-31037.png,24824
images-31038.png,24825
images-31039.png,24826
images-31040.png,24827
images-31041.png,24828
images-31042.png,24829
images-31043.png,24830
images-31044.png,24831
images-31045.png,24832
images-31046.png,24833
images-31047.png,24834
images-31048.png,24835
images-31049.png,24836
images-31050.png,24837
images-31051.png,24838
images-31052.png,24839
images-31053.png,24840
images-31054.png,24841
images-31055.png,24842
images-31056.png,24843
images-31057.png,24844
images-31058.png,24845
images-31059.png,24846
images-31060.png,24847
images-31061.png,24848
images-31062.png,24849
images-31063.png,24850
images-31208.png,24851
images-31209.png,24852
images-31210.png,24853
images-31211.png,24854
images-31212.png,24855
images-31213.png,24856
images-31214.png,24857
images-31215.png,24858
images-31216.png,24859
images-31217.png,24860
images-31218.png,24861
images-31219.png,24862
images-31220.png,24863
images-31221.png,24864
images-31222.png,24865
images-31223.png,24866
images-31224.png,24867
images-31225.png,24868
images-31226.png,24869
images-31227.png,24870
images-31228.png,24871
images-31229.png,24872
images-31230.png,24873
images-31231.png,24874
images-31232.png,24875
images-31233.png,24876
images-31234.png,24877
images-31235.png,24878
images-31236.png,24879
images-31237.png,24880
images-31238.png,24881
images-31239.png,24882
images-31240.png,24883
images-31241.png,24884
images-31242.png,24885
images-31243.png,24886
images-31244.png,24887
images-31245.png,24888
images-31246.png,24889
images-31247.png,24890
images-31248.png,24891
images-31249.png,24892
images-31250.png,24893
images-31251.png,24894
images-31252.png,24895
images-31253.png,24896
images-31254.png,24897
images-31255.png,24898
images-31256.png,24899
images-31257.png,24900
images-31258.png,24901
images-31259.png,24902
images-31260.png,24903
images-31261.png,24904
images-31262.png,24905
images-31263.png,24906
images-31264.png,24907
images-31265.png,24908
images-31266.png,24909
images-31267.png,24910
images-31268.png,24911
images-31269.png,24912
images-31270.png,24913
images-31271.png,24914
images-31272.png,24915
images-31273.png,24916
images-31274.png,24917
images-31275.png,24918
images-31276.png,24919
images-31277.png,24920
images-31278.png,24921
images-31279.png,24922
images-31280.png,24923
images-31281.png,24924
images-31282.png,24925
images-31283.png,24926
images-31284.png,24927
images-31285.png,24928
images-31286.png,24929
images-31287.png,24930
images-31288.png,24931
images-31289.png,24932
images-31290.png,24933
images-31291.png,24934
images-31292.png,24935
images-31293.png,24936
images-31294.png,24937
images-31295.png,24938
images-31296.png,24939
images-31297.png,24940
images-31298.png,24941
images-31299.png,24942
images-31300.png,24943
images-31325.png,24944
images-31326.png,24945
images-31327.png,24946
images-31328.png,24947
images-31329.png,24948
images-31330.png,24949
images-31331.png,24950
images-31340.png,24951
images-31341.png,24952
images-31342.png,24953
images-31343.png,24954
images-31344.png,24955
images-31345.png,24956
images-31346.png,24957
images-31347.png,24958
images-31348.png,24959
images-31349.png,24960
images-31350.png,24961
images-31351.png,24962
images-31352.png,24963
images-31353.png,24964
images-31354.png,24965
images-31355.png,24966
images-31356.png,24967
images-31357.png,24968
images-31358.png,24969
images-31359.png,24970
images-31360.png,24971
images-31361.png,24972
images-31362.png,24973
images-31363.png,24974
images-31364.png,24975
images-31365.png,24976
images-31366.png,24977
images-31367.png,24978
images-31368.png,24979
images-31369.png,24980
images-31370.png,24981
images-31371.png,24982
images-31372.png,24983
images-31373.png,24984
images-31374.png,24985
images-31375.png,24986
images-31376.png,24987
images-31377.png,24988
images-31378.png,24989
images-31379.png,24990
images-31380.png,24991
images-31381.png,24992
images-31382.png,24993
images-31383.png,24994
images-31384.png,24995
images-31385.png,24996
images-31386.png,24997
images-31387.png,24998
images-31388.png,24999
images-31389.png,25000
images-31390.png,25001
images-31391.png,25002
images-31392.png,25003
images-31393.png,25004
images-31394.png,25005
images-31395.png,25006
images-31410.png,25007
images-31411.png,25008
images-31412.png,25009
images-31413.png,25010
images-31414.png,25011
images-31415.png,25012
images-31416.png,25013
images-31417.png,25014
images-31418.png,25015
images-31419.png,25016
images-31420.png,25017
images-31421.png,25018
images-31422.png,25019
images-31423.png,25020
images-31424.png,25021
images-31425.png,25022
images-31426.png,25023
images-31427.png,25024
images-31428.png,25025
images-31429.png,25026
images-31430.png,25027
images-31431.png,25028
images-31432.png,25029
images-31437.png,25030
images-31438.png,25031
images-31439.png,25032
images-31440.png,25033
images-31441.png,25034
images-31442.png,25035
images-31443.png,25036
images-31444.png,25037
images-31445.png,25038
images-31446.png,25039
images-31447.png,25040
images-31482.png,25041
images-31483.png,25042
images-31484.png,25043
images-31485.png,25044
images-31486.png,25045
images-31487.png,25046
images-31488.png,25047
images-31489.png,25048
images-31490.png,25049
images-31491.png,25050
images-31551.png,25051
images-31552.png,25052
images-31553.png,25053
images-31554.png,25054
images-31555.png,25055
images-31556.png,25056
images-31557.png,25057
images-31558.png,25058
images-31559.png,25059
images-31560.png,25060
images-31561.png,25061
images-31562.png,25062
images-31563.png,25063
images-31564.png,25064
images-31565.png,25065
images-31566.png,25066
images-31567.png,25067
images-31568.png,25068
images-31569.png,25069
images-31570.png,25070
images-31571.png,25071
images-31572.png,25072
images-31573.png,25073
images-31574.png,25074
images-31575.png,25075
images-31576.png,25076
images-31577.png,25077
images-31578.png,25078
images-31579.png,25079
images-31580.png,25080
images-31581.png,25081
images-31582.png,25082
images-31583.png,25083
images-31584.png,25084
images-31585.png,25085
images-31586.png,25086
images-31587.png,25087
images-31588.png,25088
images-31589.png,25089
images-31590.png,25090
images-31591.png,25091
images-31592.png,25092
images-31593.png,25093
images-31594.png,25094
images-31595.png,25095
images-31596.png,25096
images-31597.png,25097
images-31598.png,25098
images-31599.png,25099
images-31600.png,25100
images-31601.png,25101
images-31602.png,25102
images-31603.png,25103
images-31604.png,25104
images-31605.png,25105
images-31606.png,25106
images-31607.png,25107
images-31608.png,25108
images-31609.png,25109
images-31610.png,25110
images-31628.png,25111
images-31629.png,25112
images-31630.png,25113
images-31631.png,25114
images-31632.png,25115
images-31633.png,25116
images-31634.png,25117
images-31635.png,25118
images-31636.png,25119
images-31637.png,25120
images-31638.png,25121
images-31639.png,25122
images-31640.png,25123
images-31641.png,25124
images-31642.png,25125
images-31643.png,25126
images-31644.png,25127
images-31645.png,25128
images-31646.png,25129
images-31647.png,25130
images-31648.png,25131
images-31649.png,25132
images-31650.png,25133
images-31651.png,25134
images-31652.png,25135
images-31653.png,25136
images-31654.png,25137
images-31655.png,25138
images-31656.png,25139
images-31657.png,25140
images-31658.png,25141
images-31659.png,25142
images-31660.png,25143
images-31661.png,25144
images-31662.png,25145
images-31663.png,25146
images-31664.png,25147
images-31665.png,25148
images-31712.png,25149
images-31713.png,25150
images-31714.png,25151
images-31715.png,25152
images-31716.png,25153
images-31717.png,25154
images-31718.png,25155
images-31719.png,25156
images-31720.png,25157
images-31721.png,25158
images-31722.png,25159
images-31723.png,25160
images-31724.png,25161
images-31725.png,25162
images-31726.png,25163
images-31727.png,25164
images-31728.png,25165
images-31729.png,25166
images-31730.png,25167
images-31731.png,25168
images-31732.png,25169
images-31733.png,25170
images-31734.png,25171
images-31735.png,25172
images-31736.png,25173
images-31737.png,25174
images-31738.png,25175
images-31739.png,25176
images-31740.png,25177
images-31741.png,25178
images-31742.png,25179
images-31743.png,25180
images-31744.png,25181
images-31745.png,25182
images-31746.png,25183
images-31747.png,25184
images-31796.png,25185
images-31797.png,25186
images-31798.png,25187
images-31799.png,25188
images-31800.png,25189
images-31801.png,25190
images-31802.png,25191
images-31803.png,25192
images-31804.png,25193
images-31805.png,25194
images-31806.png,25195
images-31807.png,25196
images-31808.png,25197
images-31809.png,25198
images-31810.png,25199
images-31811.png,25200
images-31812.png,25201
images-31813.png,25202
images-31814.png,25203
images-31815.png,25204
images-31816.png,25205
images-31817.png,25206
images-31818.png,25207
images-31819.png,25208
images-31820.png,25209
images-31821.png,25210
images-31822.png,25211
images-31828.png,25212
images-31829.png,25213
images-31830.png,25214
images-31836.png,25215
images-31837.png,25216
images-31838.png,25217
images-31839.png,25218
images-31840.png,25219
images-31841.png,25220
images-31842.png,25221
images-31843.png,25222
images-31844.png,25223
images-31845.png,25224
images-31846.png,25225
images-31847.png,25226
images-31865.png,25227
images-31866.png,25228
images-31867.png,25229
images-31868.png,25230
images-31869.png,25231
images-31870.png,25232
images-31871.png,25233
images-31872.png,25234
images-31873.png,25235
images-31874.png,25236
images-31875.png,25237
images-31876.png,25238
images-31877.png,25239
images-31878.png,25240
images-31879.png,25241
images-31880.png,25242
images-31881.png,25243
images-31882.png,25244
images-31883.png,25245
images-31884.png,25246
images-31885.png,25247
images-31886.png,25248
images-31887.png,25249
images-31888.png,25250
images-31889.png,25251
images-31890.png,25252
images-31891.png,25253
images-31892.png,25254
images-31893.png,25255
images-31894.png,25256
images-31895.png,25257
images-31896.png,25258
images-31897.png,25259
images-31898.png,25260
images-31899.png,25261
images-31900.png,25262
images-31901.png,25263
images-31902.png,25264
images-31965.png,25265
images-31966.png,25266
images-31967.png,25267
images-31968.png,25268
images-31969.png,25269
images-31970.png,25270
images-31971.png,25271
images-31972.png,25272
images-31973.png,25273
images-31974.png,25274
images-31975.png,25275
images-31976.png,25276
images-31977.png,25277
images-31978.png,25278
images-31979.png,25279
images-31980.png,25280
images-31981.png,25281
images-31982.png,25282
images-31983.png,25283
images-31984.png,25284
images-31985.png,25285
images-31986.png,25286
images-31987.png,25287
images-31988.png,25288
images-31989.png,25289
images-31990.png,25290
images-31991.png,25291
images-31992.png,25292
images-31993.png,25293
images-31994.png,25294
images-31995.png,25295
images-31996.png,25296
images-31997.png,25297
images-32062.png,25298
images-32063.png,25299
images-32064.png,25300
images-32065.png,25301
images-32066.png,25302
images-32067.png,25303
images-32068.png,25304
images-32069.png,25305
images-32070.png,25306
images-32071.png,25307
images-32072.png,25308
images-32073.png,25309
images-32074.png,25310
images-32075.png,25311
images-32076.png,25312
images-32077.png,25313
images-32078.png,25314
images-32079.png,25315
images-32080.png,25316
images-32081.png,25317
images-32082.png,25318
images-32083.png,25319
images-32084.png,25320
images-32085.png,25321
images-32086.png,25322
images-32087.png,25323
images-32088.png,25324
images-32089.png,25325
images-32090.png,25326
images-32091.png,25327
images-32092.png,25328
images-32093.png,25329
images-32094.png,25330
images-32095.png,25331
images-32096.png,25332
images-32097.png,25333
images-32098.png,25334
images-32099.png,25335
images-32100.png,25336
images-32101.png,25337
images-32128.png,25338
images-32129.png,25339
images-32130.png,25340
images-32131.png,25341
images-32132.png,25342
images-32133.png,25343
images-32134.png,25344
images-32135.png,25345
images-32136.png,25346
images-32137.png,25347
images-32138.png,25348
images-32139.png,25349
images-32140.png,25350
images-32141.png,25351
images-32142.png,25352
images-32165.png,25353
images-32166.png,25354
images-32167.png,25355
images-32168.png,25356
images-32169.png,25357
images-32170.png,25358
images-32171.png,25359
images-32172.png,25360
images-32173.png,25361
images-32174.png,25362
images-32175.png,25363
images-32176.png,25364
images-32177.png,25365
images-32178.png,25366
images-32179.png,25367
images-32180.png,25368
images-32181.png,25369
images-32182.png,25370
images-32183.png,25371
images-32184.png,25372
images-32185.png,25373
images-32186.png,25374
images-32187.png,25375
images-32188.png,25376
images-32189.png,25377
images-32190.png,25378
images-32191.png,25379
images-32192.png,25380
images-32193.png,25381
images-32194.png,25382
images-32195.png,25383
images-32196.png,25384
images-32197.png,25385
images-32198.png,25386
images-32199.png,25387
images-32200.png,25388
images-32201.png,25389
images-32202.png,25390
images-32203.png,25391
images-32204.png,25392
images-32205.png,25393
images-32206.png,25394
images-32207.png,25395
images-32208.png,25396
images-32209.png,25397
images-32210.png,25398
images-32211.png,25399
images-32212.png,25400
images-32213.png,25401
images-32242.png,25402
images-32243.png,25403
images-32244.png,25404
images-32245.png,25405
images-32246.png,25406
images-32247.png,25407
images-32248.png,25408
images-32249.png,25409
images-32250.png,25410
images-32251.png,25411
images-32252.png,25412
images-32253.png,25413
images-32254.png,25414
images-32255.png,25415
images-32256.png,25416
images-32257.png,25417
images-32258.png,25418
images-32259.png,25419
images-32260.png,25420
images-32261.png,25421
images-32262.png,25422
images-32263.png,25423
images-32264.png,25424
images-32265.png,25425
images-32266.png,25426
images-32267.png,25427
images-32268.png,25428
images-32269.png,25429
images-32270.png,25430
images-32271.png,25431
images-32272.png,25432
images-32273.png,25433
images-32274.png,25434
images-32275.png,25435
images-32276.png,25436
images-32277.png,25437
images-32278.png,25438
images-32279.png,25439
images-32280.png,25440
images-32281.png,25441
images-32282.png,25442
images-32283.png,25443
images-32284.png,25444
images-32285.png,25445
images-32286.png,25446
images-32287.png,25447
images-32288.png,25448
images-32289.png,25449
images-32290.png,25450
images-32291.png,25451
images-32292.png,25452
images-32293.png,25453
images-32294.png,25454
images-32295.png,25455
images-32296.png,25456
images-32297.png,25457
images-32298.png,25458
images-32299.png,25459
images-32300.png,25460
images-32301.png,25461
images-32302.png,25462
images-32303.png,25463
images-32304.png,25464
images-32305.png,25465
images-32306.png,25466
images-32307.png,25467
images-32308.png,25468
images-32309.png,25469
images-32310.png,25470
images-32311.png,25471
images-32312.png,25472
images-32313.png,25473
images-32314.png,25474
images-32315.png,25475
images-32316.png,25476
images-32317.png,25477
images-32318.png,25478
images-32319.png,25479
images-32320.png,25480
images-32321.png,25481
images-32322.png,25482
images-32323.png,25483
images-32324.png,25484
images-32325.png,25485
images-32326.png,25486
images-32327.png,25487
images-32328.png,25488
images-32329.png,25489
images-32330.png,25490
images-32331.png,25491
images-32332.png,25492
images-32333.png,25493
images-32334.png,25494
images-32335.png,25495
images-32336.png,25496
images-32337.png,25497
images-32338.png,25498
images-32339.png,25499
images-32340.png,25500
images-32341.png,25501
images-32342.png,25502
images-32343.png,25503
images-32348.png,25504
images-32349.png,25505
images-32350.png,25506
images-32351.png,25507
images-32352.png,25508
images-32353.png,25509
images-32354.png,25510
images-32355.png,25511
images-32356.png,25512
images-32357.png,25513
images-32358.png,25514
images-32359.png,25515
images-32360.png,25516
images-32361.png,25517
images-32362.png,25518
images-32363.png,25519
images-32364.png,25520
images-32365.png,25521
images-32366.png,25522
images-33063.png,25523
images-33064.png,25524
images-33065.png,25525
images-33066.png,25526
images-33067.png,25527
images-33068.png,25528
images-33069.png,25529
images-33070.png,25530
images-33071.png,25531
images-33072.png,25532
images-33073.png,25533
images-33074.png,25534
images-33075.png,25535
images-33076.png,25536
images-33077.png,25537
images-33078.png,25538
images-33079.png,25539
images-33080.png,25540
images-33081.png,25541
images-33082.png,25542
images-33083.png,25543
images-33084.png,25544
images-33085.png,25545
images-33086.png,25546
images-33087.png,25547
images-33088.png,25548
images-33089.png,25549
images-33090.png,25550
images-33091.png,25551
images-33092.png,25552
images-33093.png,25553
images-33094.png,25554
images-33095.png,25555
images-33096.png,25556
images-33097.png,25557
images-33098.png,25558
images-33099.png,25559
images-33100.png,25560
images-33101.png,25561
images-33102.png,25562
images-33103.png,25563
images-33104.png,25564
images-33105.png,25565
images-33106.png,25566
images-33107.png,25567
images-33108.png,25568
images-33109.png,25569
images-33110.png,25570
images-33111.png,25571
images-33112.png,25572
images-33113.png,25573
images-33114.png,25574
images-33115.png,25575
images-33116.png,25576
images-33117.png,25577
images-33118.png,25578
images-33119.png,25579
images-33120.png,25580
images-33121.png,25581
images-33122.png,25582
images-33123.png,25583
images-33124.png,25584
images-33125.png,25585
images-33126.png,25586
images-33127.png,25587
images-33128.png,25588
images-33129.png,25589
images-33130.png,25590
images-33131.png,25591
images-33132.png,25592
images-33133.png,25593
images-33134.png,25594
images-33135.png,25595
images-33136.png,25596
images-33137.png,25597
images-33138.png,25598
images-33139.png,25599
images-33140.png,25600
images-33141.png,25601
images-33142.png,25602
images-33143.png,25603
images-33144.png,25604
images-33145.png,25605
images-33146.png,25606
images-33147.png,25607
images-33148.png,25608
images-33149.png,25609
images-33150.png,25610
images-33151.png,25611
images-33152.png,25612
images-33153.png,25613
images-33154.png,25614
images-33155.png,25615
images-33156.png,25616
images-33157.png,25617
images-33158.png,25618
images-33159.png,25619
images-33160.png,25620
images-33161.png,25621
images-33162.png,25622
images-33163.png,25623
images-33164.png,25624
images-33165.png,25625
images-33166.png,25626
images-33167.png,25627
images-33168.png,25628
images-33169.png,25629
images-33170.png,25630
images-33171.png,25631
images-33172.png,25632
images-33173.png,25633
images-33174.png,25634
images-33175.png,25635
images-33176.png,25636
images-33177.png,25637
images-33178.png,25638
images-33179.png,25639
images-33180.png,25640
images-33181.png,25641
images-33182.png,25642
images-33183.png,25643
images-33184.png,25644
images-33185.png,25645
images-33186.png,25646
images-33187.png,25647
images-33188.png,25648
images-33189.png,25649
images-33190.png,25650
images-33191.png,25651
images-33192.png,25652
images-33193.png,25653
images-33194.png,25654
images-33195.png,25655
images-33196.png,25656
images-33197.png,25657
images-33198.png,25658
images-33199.png,25659
images-33200.png,25660
images-33201.png,25661
images-33202.png,25662
images-33203.png,25663
images-33204.png,25664
images-33205.png,25665
images-33206.png,25666
images-33207.png,25667
images-33208.png,25668
images-33209.png,25669
images-33210.png,25670
images-33211.png,25671
images-33212.png,25672
images-33213.png,25673
images-33214.png,25674
images-33215.png,25675
images-33216.png,25676
images-33217.png,25677
images-33218.png,25678
images-33219.png,25679
images-33220.png,25680
images-33221.png,25681
images-33222.png,25682
images-33223.png,25683
images-33224.png,25684
images-33225.png,25685
images-33226.png,25686
images-33227.png,25687
images-33228.png,25688
images-33229.png,25689
images-33230.png,25690
images-33231.png,25691
images-33232.png,25692
images-33233.png,25693
images-33234.png,25694
images-33235.png,25695
images-33236.png,25696
images-33237.png,25697
images-33238.png,25698
images-33239.png,25699
images-33240.png,25700
images-33241.png,25701
images-33242.png,25702
images-33243.png,25703
images-33244.png,25704
images-33245.png,25705
images-33246.png,25706
images-33247.png,25707
images-33248.png,25708
images-33249.png,25709
images-33250.png,25710
images-33251.png,25711
images-33252.png,25712
images-33253.png,25713
images-33254.png,25714
images-33255.png,25715
images-33256.png,25716
images-33257.png,25717
images-33258.png,25718
images-33259.png,25719
images-33260.png,25720
images-33261.png,25721
images-33262.png,25722
images-33263.png,25723
images-33264.png,25724
images-33265.png,25725
images-33266.png,25726
images-33267.png,25727
images-33268.png,25728
images-33269.png,25729
images-33270.png,25730
images-33271.png,25731
images-33272.png,25732
images-33273.png,25733
images-33274.png,25734
images-33275.png,25735
images-33276.png,25736
images-33277.png,25737
images-33278.png,25738
images-33279.png,25739
images-33280.png,25740
images-33281.png,25741
images-33282.png,25742
images-33283.png,25743
images-33284.png,25744
images-33285.png,25745
images-33286.png,25746
images-33287.png,25747
images-33288.png,25748
images-33289.png,25749
images-33290.png,25750
images-33291.png,25751
images-33292.png,25752
images-33293.png,25753
images-33294.png,25754
images-33295.png,25755
images-33296.png,25756
images-33297.png,25757
images-33298.png,25758
images-33299.png,25759
images-33300.png,25760
images-33301.png,25761
images-33302.png,25762
images-33303.png,25763
images-33304.png,25764
images-33305.png,25765
images-33306.png,25766
images-33307.png,25767
images-33308.png,25768
images-33309.png,25769
images-33310.png,25770
images-33311.png,25771
images-33312.png,25772
images-33313.png,25773
images-33314.png,25774
images-33315.png,25775
images-33316.png,25776
images-33328.png,25777
images-33329.png,25778
images-33330.png,25779
images-33331.png,25780
images-33332.png,25781
images-33333.png,25782
images-33334.png,25783
images-33335.png,25784
images-33336.png,25785
images-33337.png,25786
images-33338.png,25787
images-33339.png,25788
images-33340.png,25789
images-33346.png,25790
images-33347.png,25791
images-33348.png,25792
images-33349.png,25793
images-33350.png,25794
images-33351.png,25795
images-33352.png,25796
images-33353.png,25797
images-33354.png,25798
images-33355.png,25799
images-33356.png,25800
images-33357.png,25801
images-33358.png,25802
images-33359.png,25803
images-33360.png,25804
images-33361.png,25805
images-33362.png,25806
images-33363.png,25807
images-33364.png,25808
images-33365.png,25809
images-33366.png,25810
images-33367.png,25811
images-33368.png,25812
images-33369.png,25813
images-33386.png,25814
images-33387.png,25815
images-33388.png,25816
images-33389.png,25817
images-33390.png,25818
images-33391.png,25819
images-33392.png,25820
images-33393.png,25821
images-33394.png,25822
images-33395.png,25823
images-33396.png,25824
images-33397.png,25825
images-33398.png,25826
images-33399.png,25827
images-33400.png,25828
images-33401.png,25829
images-33402.png,25830
images-33403.png,25831
images-33404.png,25832
images-33405.png,25833
images-33406.png,25834
images-33407.png,25835
images-33408.png,25836
images-33409.png,25837
images-33410.png,25838
images-33411.png,25839
images-33412.png,25840
images-33413.png,25841
images-33414.png,25842
images-33415.png,25843
images-33416.png,25844
images-33417.png,25845
images-33418.png,25846
images-33419.png,25847
images-33420.png,25848
images-33421.png,25849
images-33422.png,25850
images-33423.png,25851
images-33424.png,25852
images-33425.png,25853
images-33426.png,25854
images-33427.png,25855
images-33428.png,25856
images-33429.png,25857
images-33513.png,25858
images-33514.png,25859
images-33515.png,25860
images-33516.png,25861
images-33517.png,25862
images-33518.png,25863
images-33519.png,25864
images-33520.png,25865
images-33521.png,25866
images-33522.png,25867
images-33523.png,25868
images-33524.png,25869
images-33525.png,25870
images-33526.png,25871
images-33527.png,25872
images-33528.png,25873
images-33529.png,25874
images-33530.png,25875
images-33531.png,25876
images-33532.png,25877
images-33533.png,25878
images-33534.png,25879
images-33535.png,25880
images-33536.png,25881
images-33537.png,25882
images-33538.png,25883
images-33539.png,25884
images-33540.png,25885
images-33541.png,25886
images-33542.png,25887
images-33543.png,25888
images-33544.png,25889
images-33545.png,25890
images-33546.png,25891
images-33547.png,25892
images-33548.png,25893
images-33549.png,25894
images-33550.png,25895
images-33551.png,25896
images-33552.png,25897
images-33553.png,25898
images-33554.png,25899
images-33555.png,25900
images-33556.png,25901
images-33557.png,25902
images-33558.png,25903
images-33559.png,25904
images-33560.png,25905
images-33561.png,25906
images-33562.png,25907
images-33563.png,25908
images-33564.png,25909
images-33565.png,25910
images-33566.png,25911
images-33567.png,25912
images-33568.png,25913
images-33569.png,25914
images-33570.png,25915
images-33571.png,25916
images-33572.png,25917
images-33573.png,25918
images-33574.png,25919
images-33575.png,25920
images-33576.png,25921
images-33577.png,25922
images-33578.png,25923
images-33579.png,25924
images-33580.png,25925
images-33581.png,25926
images-33582.png,25927
images-33583.png,25928
images-33584.png,25929
images-33585.png,25930
images-33586.png,25931
images-33587.png,25932
images-33588.png,25933
images-33589.png,25934
images-33590.png,25935
images-33667.png,25936
images-33668.png,25937
images-33669.png,25938
images-33670.png,25939
images-33671.png,25940
images-33672.png,25941
images-33673.png,25942
images-33674.png,25943
images-33675.png,25944
images-33676.png,25945
images-33677.png,25946
images-33678.png,25947
images-33679.png,25948
images-33680.png,25949
images-33681.png,25950
images-33682.png,25951
images-33683.png,25952
images-33684.png,25953
images-33685.png,25954
images-33686.png,25955
images-33687.png,25956
images-33688.png,25957
images-33689.png,25958
images-33690.png,25959
images-33691.png,25960
images-33692.png,25961
images-33693.png,25962
images-33694.png,25963
images-33695.png,25964
images-33696.png,25965
images-33697.png,25966
images-33698.png,25967
images-33699.png,25968
images-33700.png,25969
images-33701.png,25970
images-33702.png,25971
images-33703.png,25972
images-33704.png,25973
images-33705.png,25974
images-33706.png,25975
images-33707.png,25976
images-33708.png,25977
images-33709.png,25978
images-33710.png,25979
images-33711.png,25980
images-33712.png,25981
images-33713.png,25982
images-33714.png,25983
images-33715.png,25984
images-33716.png,25985
images-33721.png,25986
images-33722.png,25987
images-33723.png,25988
images-33724.png,25989
images-33725.png,25990
images-33726.png,25991
images-33727.png,25992
images-33728.png,25993
images-33729.png,25994
images-33730.png,25995
images-33731.png,25996
images-33732.png,25997
images-33733.png,25998
images-33734.png,25999
images-33735.png,26000
images-33736.png,26001
images-33737.png,26002
images-33738.png,26003
images-33739.png,26004
images-33740.png,26005
images-33741.png,26006
images-33742.png,26007
images-33743.png,26008
images-33744.png,26009
images-33745.png,26010
images-33746.png,26011
images-33747.png,26012
images-33748.png,26013
images-33749.png,26014
images-33750.png,26015
images-33751.png,26016
images-33752.png,26017
images-33753.png,26018
images-33781.png,26019
images-33782.png,26020
images-33783.png,26021
images-33784.png,26022
images-33785.png,26023
images-33786.png,26024
images-33787.png,26025
images-33788.png,26026
images-33789.png,26027
images-33790.png,26028
images-33791.png,26029
images-33792.png,26030
images-33793.png,26031
images-33794.png,26032
images-33795.png,26033
images-33796.png,26034
images-33797.png,26035
images-33798.png,26036
images-33799.png,26037
images-33800.png,26038
images-33801.png,26039
images-33802.png,26040
images-33803.png,26041
images-33804.png,26042
images-33805.png,26043
images-33806.png,26044
images-33807.png,26045
images-33808.png,26046
images-33809.png,26047
images-33810.png,26048
images-33811.png,26049
images-33812.png,26050
images-33813.png,26051
images-33814.png,26052
images-33815.png,26053
images-33816.png,26054
images-33817.png,26055
images-33818.png,26056
images-33819.png,26057
images-33820.png,26058
images-33821.png,26059
images-33822.png,26060
images-33823.png,26061
images-33824.png,26062
images-33825.png,26063
images-33826.png,26064
images-33827.png,26065
images-33828.png,26066
images-33829.png,26067
images-33830.png,26068
images-33831.png,26069
images-33832.png,26070
images-33833.png,26071
images-33834.png,26072
images-33835.png,26073
images-33836.png,26074
images-33837.png,26075
images-33838.png,26076
images-33839.png,26077
images-33840.png,26078
images-33841.png,26079
images-33842.png,26080
images-33843.png,26081
images-33844.png,26082
images-33845.png,26083
images-33846.png,26084
images-33847.png,26085
images-33848.png,26086
images-33849.png,26087
images-33850.png,26088
images-33851.png,26089
images-33852.png,26090
images-33853.png,26091
images-33854.png,26092
images-33855.png,26093
images-33856.png,26094
images-33857.png,26095
images-33858.png,26096
images-33859.png,26097
images-33860.png,26098
images-33861.png,26099
images-33862.png,26100
images-33863.png,26101
images-33864.png,26102
images-33865.png,26103
images-33866.png,26104
images-33867.png,26105
images-33868.png,26106
images-33869.png,26107
images-33870.png,26108
images-33871.png,26109
images-33872.png,26110
images-33873.png,26111
images-33874.png,26112
images-33875.png,26113
images-33876.png,26114
images-33877.png,26115
images-33878.png,26116
images-33879.png,26117
images-33880.png,26118
images-33881.png,26119
images-33882.png,26120
images-33883.png,26121
images-33884.png,26122
images-33885.png,26123
images-33886.png,26124
images-33887.png,26125
images-33888.png,26126
images-33889.png,26127
images-33890.png,26128
images-33891.png,26129
images-33892.png,26130
images-33893.png,26131
images-33894.png,26132
images-33895.png,26133
images-33896.png,26134
images-33897.png,26135
images-33898.png,26136
images-33899.png,26137
images-33900.png,26138
images-33901.png,26139
images-33902.png,26140
images-33903.png,26141
images-33904.png,26142
images-33905.png,26143
images-33906.png,26144
images-33907.png,26145
images-33908.png,26146
images-33909.png,26147
images-33910.png,26148
images-33911.png,26149
images-33912.png,26150
images-33913.png,26151
images-33914.png,26152
images-33915.png,26153
images-33916.png,26154
images-33923.png,26155
images-33924.png,26156
images-33925.png,26157
images-33926.png,26158
images-33927.png,26159
images-33928.png,26160
images-33929.png,26161
images-33930.png,26162
images-33931.png,26163
images-33932.png,26164
images-33933.png,26165
images-33934.png,26166
images-33935.png,26167
images-33936.png,26168
images-33937.png,26169
images-33938.png,26170
images-33939.png,26171
images-33940.png,26172
images-33941.png,26173
images-33942.png,26174
images-33943.png,26175
images-33944.png,26176
images-33945.png,26177
images-33946.png,26178
images-33947.png,26179
images-33948.png,26180
images-33949.png,26181
images-33950.png,26182
images-33951.png,26183
images-33952.png,26184
images-33953.png,26185
images-33954.png,26186
images-33955.png,26187
images-33956.png,26188
images-33957.png,26189
images-33958.png,26190
images-33959.png,26191
images-33960.png,26192
images-33961.png,26193
images-33962.png,26194
images-33963.png,26195
images-33964.png,26196
images-33965.png,26197
images-33966.png,26198
images-33967.png,26199
images-33968.png,26200
images-33969.png,26201
images-33970.png,26202
images-33971.png,26203
images-33972.png,26204
images-33973.png,26205
images-33974.png,26206
images-33975.png,26207
images-33976.png,26208
images-33977.png,26209
images-33978.png,26210
images-33979.png,26211
images-33980.png,26212
images-33981.png,26213
images-33982.png,26214
images-33983.png,26215
images-33984.png,26216
images-33985.png,26217
images-33986.png,26218
images-33987.png,26219
images-33988.png,26220
images-33989.png,26221
images-33990.png,26222
images-33991.png,26223
images-33992.png,26224
images-33993.png,26225
images-33994.png,26226
images-33995.png,26227
images-33996.png,26228
images-33997.png,26229
images-33998.png,26230
images-33999.png,26231
images-34000.png,26232
images-34001.png,26233
images-34002.png,26234
images-34003.png,26235
images-34004.png,26236
images-34005.png,26237
images-34006.png,26238
images-34007.png,26239
images-34008.png,26240
images-34009.png,26241
images-34010.png,26242
images-34011.png,26243
images-34012.png,26244
images-34013.png,26245
images-34014.png,26246
images-34015.png,26247
images-34016.png,26248
images-34017.png,26249
images-34018.png,26250
images-34019.png,26251
images-34020.png,26252
images-34021.png,26253
images-34022.png,26254
images-34023.png,26255
images-34024.png,26256
images-34025.png,26257
images-34026.png,26258
images-34027.png,26259
images-34028.png,26260
images-34029.png,26261
images-34030.png,26262
images-34031.png,26263
images-34032.png,26264
images-34033.png,26265
images-34034.png,26266
images-34035.png,26267
images-34036.png,26268
images-34037.png,26269
images-34038.png,26270
images-34039.png,26271
images-34040.png,26272
images-34041.png,26273
images-34042.png,26274
images-34043.png,26275
images-34044.png,26276
images-34045.png,26277
images-34046.png,26278
images-34047.png,26279
images-34048.png,26280
images-34049.png,26281
images-34050.png,26282
images-34051.png,26283
images-34052.png,26284
images-34053.png,26285
images-34054.png,26286
images-34055.png,26287
images-34056.png,26288
images-34057.png,26289
images-34058.png,26290
images-34059.png,26291
images-34060.png,26292
images-34061.png,26293
images-34062.png,26294
images-34063.png,26295
images-34064.png,26296
images-34065.png,26297
images-34066.png,26298
images-34067.png,26299
images-34068.png,26300
images-34069.png,26301
images-34070.png,26302
images-34071.png,26303
images-34072.png,26304
images-34073.png,26305
images-34074.png,26306
images-34075.png,26307
images-34076.png,26308
images-34077.png,26309
images-34078.png,26310
images-34079.png,26311
images-34080.png,26312
images-34081.png,26313
images-34082.png,26314
images-34083.png,26315
images-34084.png,26316
images-34085.png,26317
images-34086.png,26318
images-34087.png,26319
images-34088.png,26320
images-34089.png,26321
images-34090.png,26322
images-34091.png,26323
images-34092.png,26324
images-34093.png,26325
images-34094.png,26326
images-34095.png,26327
images-34096.png,26328
images-34097.png,26329
images-34098.png,26330
images-34099.png,26331
images-34100.png,26332
images-34101.png,26333
images-34102.png,26334
images-34103.png,26335
images-34104.png,26336
images-34105.png,26337
images-34106.png,26338
images-34107.png,26339
images-34108.png,26340
images-34109.png,26341
images-34110.png,26342
images-34111.png,26343
images-34112.png,26344
images-34113.png,26345
images-34114.png,26346
images-34115.png,26347
images-34116.png,26348
images-34117.png,26349
images-34118.png,26350
images-34119.png,26351
images-34120.png,26352
images-34121.png,26353
images-34122.png,26354
images-34123.png,26355
images-34124.png,26356
images-34125.png,26357
images-34126.png,26358
images-34127.png,26359
images-34128.png,26360
images-34129.png,26361
images-34130.png,26362
images-34131.png,26363
images-34132.png,26364
images-34133.png,26365
images-34134.png,26366
images-34135.png,26367
images-34136.png,26368
images-34137.png,26369
images-34138.png,26370
images-34139.png,26371
images-34140.png,26372
images-34141.png,26373
images-34142.png,26374
images-34143.png,26375
images-34144.png,26376
images-34145.png,26377
images-34146.png,26378
images-34147.png,26379
images-34148.png,26380
images-34149.png,26381
images-34150.png,26382
images-34151.png,26383
images-34152.png,26384
images-34153.png,26385
images-34154.png,26386
images-34155.png,26387
images-34156.png,26388
images-34157.png,26389
images-34158.png,26390
images-34159.png,26391
images-34160.png,26392
images-34161.png,26393
images-34162.png,26394
images-34163.png,26395
images-34164.png,26396
images-34165.png,26397
images-34166.png,26398
images-34167.png,26399
images-34168.png,26400
images-34169.png,26401
images-34170.png,26402
images-34171.png,26403
images-34172.png,26404
images-34173.png,26405
images-34174.png,26406
images-34175.png,26407
images-34176.png,26408
images-34177.png,26409
images-34178.png,26410
images-34179.png,26411
images-34180.png,26412
images-34181.png,26413
images-34182.png,26414
images-34183.png,26415
images-34184.png,26416
images-34185.png,26417
images-34186.png,26418
images-34187.png,26419
images-34188.png,26420
images-34189.png,26421
images-34190.png,26422
images-34191.png,26423
images-34192.png,26424
images-34193.png,26425
images-34194.png,26426
images-34195.png,26427
images-34196.png,26428
images-34197.png,26429
images-34198.png,26430
images-34199.png,26431
images-34200.png,26432
images-34201.png,26433
images-34202.png,26434
images-34203.png,26435
images-34204.png,26436
images-34205.png,26437
images-34206.png,26438
images-34207.png,26439
images-34208.png,26440
images-34209.png,26441
images-34210.png,26442
images-34211.png,26443
images-34212.png,26444
images-34213.png,26445
images-34214.png,26446
images-34215.png,26447
images-34216.png,26448
images-34217.png,26449
images-34218.png,26450
images-34219.png,26451
images-34220.png,26452
images-34221.png,26453
images-34222.png,26454
images-34223.png,26455
images-34224.png,26456
images-34225.png,26457
images-34226.png,26458
images-34227.png,26459
images-34228.png,26460
images-34229.png,26461
images-34230.png,26462
images-34231.png,26463
images-34232.png,26464
images-34233.png,26465
images-34242.png,26466
images-34243.png,26467
images-34244.png,26468
images-34245.png,26469
images-34246.png,26470
images-34247.png,26471
images-34248.png,26472
images-34249.png,26473
images-34250.png,26474
images-34251.png,26475
images-34252.png,26476
images-34253.png,26477
images-34254.png,26478
images-34255.png,26479
images-34256.png,26480
images-34257.png,26481
images-34258.png,26482
images-34259.png,26483
images-34260.png,26484
images-34261.png,26485
images-34262.png,26486
images-34263.png,26487
images-34264.png,26488
images-34265.png,26489
images-34266.png,26490
images-34267.png,26491
images-34268.png,26492
images-34269.png,26493
images-34270.png,26494
images-34271.png,26495
images-34272.png,26496
images-34273.png,26497
images-34274.png,26498
images-34275.png,26499
images-34276.png,26500
images-34277.png,26501
images-34278.png,26502
images-34279.png,26503
images-34280.png,26504
images-34281.png,26505
images-34282.png,26506
images-34283.png,26507
images-34284.png,26508
images-34285.png,26509
images-34286.png,26510
images-34287.png,26511
images-34288.png,26512
images-34289.png,26513
images-34290.png,26514
images-34291.png,26515
images-34292.png,26516
images-34293.png,26517
images-34294.png,26518
images-34295.png,26519
images-34296.png,26520
images-34297.png,26521
images-34298.png,26522
images-34299.png,26523
images-34300.png,26524
images-34301.png,26525
images-34302.png,26526
images-34303.png,26527
images-34304.png,26528
images-34305.png,26529
images-34306.png,26530
images-34307.png,26531
images-34308.png,26532
images-34309.png,26533
images-34310.png,26534
images-34311.png,26535
images-34312.png,26536
images-34313.png,26537
images-34314.png,26538
images-34315.png,26539
images-34316.png,26540
images-34317.png,26541
images-34318.png,26542
images-34319.png,26543
images-34320.png,26544
images-34321.png,26545
images-34322.png,26546
images-34323.png,26547
images-34324.png,26548
images-34325.png,26549
images-34326.png,26550
images-34327.png,26551
images-34328.png,26552
images-34329.png,26553
images-34330.png,26554
images-34331.png,26555
images-34332.png,26556
images-34333.png,26557
images-34334.png,26558
images-34335.png,26559
images-34336.png,26560
images-34337.png,26561
images-34338.png,26562
images-34339.png,26563
images-34340.png,26564
images-34341.png,26565
images-34342.png,26566
images-34343.png,26567
images-34344.png,26568
images-34345.png,26569
images-34346.png,26570
images-34347.png,26571
images-34348.png,26572
images-34349.png,26573
images-34350.png,26574
images-34351.png,26575
images-34352.png,26576
images-34353.png,26577
images-34354.png,26578
images-34355.png,26579
images-34356.png,26580
images-34357.png,26581
images-34358.png,26582
images-34359.png,26583
images-34360.png,26584
images-34361.png,26585
images-34362.png,26586
images-34363.png,26587
images-34364.png,26588
images-34365.png,26589
images-34366.png,26590
images-34367.png,26591
images-34368.png,26592
images-34369.png,26593
images-34370.png,26594
images-34371.png,26595
images-34372.png,26596
images-34373.png,26597
images-34374.png,26598
images-34375.png,26599
images-34376.png,26600
images-34377.png,26601
images-34378.png,26602
images-34379.png,26603
images-34380.png,26604
images-34381.png,26605
images-34382.png,26606
images-34383.png,26607
images-34384.png,26608
images-34385.png,26609
images-34386.png,26610
images-34387.png,26611
images-34388.png,26612
images-34389.png,26613
images-34390.png,26614
images-34391.png,26615
images-34392.png,26616
images-34393.png,26617
images-34394.png,26618
images-34395.png,26619
images-34396.png,26620
images-34397.png,26621
images-34398.png,26622
images-34399.png,26623
images-34400.png,26624
images-34401.png,26625
images-34402.png,26626
images-34403.png,26627
images-34404.png,26628
images-34405.png,26629
images-34406.png,26630
images-34407.png,26631
images-34408.png,26632
images-34409.png,26633
images-34410.png,26634
images-34411.png,26635
images-34412.png,26636
images-34413.png,26637
images-34414.png,26638
images-34415.png,26639
images-34416.png,26640
images-34417.png,26641
images-34418.png,26642
images-34419.png,26643
images-34420.png,26644
images-34421.png,26645
images-34422.png,26646
images-34423.png,26647
images-34424.png,26648
images-34425.png,26649
images-34426.png,26650
images-34427.png,26651
images-34428.png,26652
images-34429.png,26653
images-34430.png,26654
images-34431.png,26655
images-34432.png,26656
images-34433.png,26657
images-34434.png,26658
images-34435.png,26659
images-34436.png,26660
images-34437.png,26661
images-34438.png,26662
images-34439.png,26663
images-34440.png,26664
images-34441.png,26665
images-34442.png,26666
images-34443.png,26667
images-34444.png,26668
images-34445.png,26669
images-34446.png,26670
images-34447.png,26671
images-34448.png,26672
images-34449.png,26673
images-34450.png,26674
images-34451.png,26675
images-34452.png,26676
images-34453.png,26677
images-34454.png,26678
images-34455.png,26679
images-34456.png,26680
images-34457.png,26681
images-34458.png,26682
images-34459.png,26683
images-34460.png,26684
images-34461.png,26685
images-34462.png,26686
images-34463.png,26687
images-34464.png,26688
images-34465.png,26689
images-34466.png,26690
images-34467.png,26691
images-34468.png,26692
images-34469.png,26693
images-34470.png,26694
images-34471.png,26695
images-34472.png,26696
images-34473.png,26697
images-34474.png,26698
images-34475.png,26699
images-34476.png,26700
images-34477.png,26701
images-34478.png,26702
images-34479.png,26703
images-34480.png,26704
images-34481.png,26705
images-34482.png,26706
images-34483.png,26707
images-34484.png,26708
images-34485.png,26709
images-34486.png,26710
images-34487.png,26711
images-34488.png,26712
images-34489.png,26713
images-34490.png,26714
images-34491.png,26715
images-34492.png,26716
images-34493.png,26717
images-34494.png,26718
images-34495.png,26719
images-34496.png,26720
images-34497.png,26721
images-34498.png,26722
images-34499.png,26723
images-34500.png,26724
images-34501.png,26725
images-34502.png,26726
images-34503.png,26727
images-34504.png,26728
images-34505.png,26729
images-34506.png,26730
images-34507.png,26731
images-34508.png,26732
images-34509.png,26733
images-34510.png,26734
images-34511.png,26735
images-34512.png,26736
images-34513.png,26737
images-34514.png,26738
images-34515.png,26739
images-34516.png,26740
images-34517.png,26741
images-34518.png,26742
images-34519.png,26743
images-34520.png,26744
images-34521.png,26745
images-34522.png,26746
images-34523.png,26747
images-34524.png,26748
images-34525.png,26749
images-34526.png,26750
images-34527.png,26751
images-34528.png,26752
images-34529.png,26753
images-34530.png,26754
images-34531.png,26755
images-34532.png,26756
images-34533.png,26757
images-34534.png,26758
images-34535.png,26759
images-34536.png,26760
images-34537.png,26761
images-34538.png,26762
images-34539.png,26763
images-34540.png,26764
images-34541.png,26765
images-34542.png,26766
images-34543.png,26767
images-34544.png,26768
images-34545.png,26769
images-34546.png,26770
images-34547.png,26771
images-34548.png,26772
images-34549.png,26773
images-34550.png,26774
images-34551.png,26775
images-34552.png,26776
images-34553.png,26777
images-34554.png,26778
images-34555.png,26779
images-34556.png,26780
images-34557.png,26781
images-34558.png,26782
images-34559.png,26783
images-34560.png,26784
images-34561.png,26785
images-34562.png,26786
images-34563.png,26787
images-34564.png,26788
images-34565.png,26789
images-34566.png,26790
images-34567.png,26791
images-34568.png,26792
images-34569.png,26793
images-34570.png,26794
images-34571.png,26795
images-34572.png,26796
images-34573.png,26797
images-34574.png,26798
images-34575.png,26799
images-34576.png,26800
images-34577.png,26801
images-34578.png,26802
images-34579.png,26803
images-34580.png,26804
images-34581.png,26805
images-34582.png,26806
images-34583.png,26807
images-34584.png,26808
images-34585.png,26809
images-34586.png,26810
images-34587.png,26811
images-34588.png,26812
images-34589.png,26813
images-34590.png,26814
images-34591.png,26815
images-34592.png,26816
images-34593.png,26817
images-34594.png,26818
images-34595.png,26819
images-34596.png,26820
images-34597.png,26821
images-34598.png,26822
images-34599.png,26823
images-34600.png,26824
images-34601.png,26825
images-34602.png,26826
images-34603.png,26827
images-34604.png,26828
images-34605.png,26829
images-34606.png,26830
images-34607.png,26831
images-34608.png,26832
images-34609.png,26833
images-34610.png,26834
images-34611.png,26835
images-34612.png,26836
images-34613.png,26837
images-34614.png,26838
images-34615.png,26839
images-34616.png,26840
images-34617.png,26841
images-34618.png,26842
images-34619.png,26843
images-34620.png,26844
images-34621.png,26845
images-34622.png,26846
images-34623.png,26847
images-34624.png,26848
images-34625.png,26849
images-34626.png,26850
images-34627.png,26851
images-34628.png,26852
images-34629.png,26853
images-34630.png,26854
images-34655.png,26855
images-34656.png,26856
images-34657.png,26857
images-34658.png,26858
images-34659.png,26859
images-34660.png,26860
images-34661.png,26861
images-34662.png,26862
images-34663.png,26863
images-34664.png,26864
images-34665.png,26865
images-34666.png,26866
images-34667.png,26867
images-34668.png,26868
images-34669.png,26869
images-34670.png,26870
images-34671.png,26871
images-34672.png,26872
images-34673.png,26873
images-34674.png,26874
images-34675.png,26875
images-34676.png,26876
images-34677.png,26877
images-34678.png,26878
images-34679.png,26879
images-34680.png,26880
images-34681.png,26881
images-34682.png,26882
images-34683.png,26883
images-34684.png,26884
images-34685.png,26885
images-34686.png,26886
images-34687.png,26887
images-34688.png,26888
images-34689.png,26889
images-34690.png,26890
images-34691.png,26891
images-34692.png,26892
images-34693.png,26893
images-34694.png,26894
images-34695.png,26895
images-34696.png,26896
images-34697.png,26897
images-34698.png,26898
images-34699.png,26899
images-34700.png,26900
images-34701.png,26901
images-34702.png,26902
images-34703.png,26903
images-34704.png,26904
images-34705.png,26905
images-34706.png,26906
images-34707.png,26907
images-34708.png,26908
images-34709.png,26909
images-34710.png,26910
images-34711.png,26911
images-34712.png,26912
images-34713.png,26913
images-34714.png,26914
images-34715.png,26915
images-34716.png,26916
images-34717.png,26917
images-34718.png,26918
images-34719.png,26919
images-34720.png,26920
images-34721.png,26921
images-34722.png,26922
images-34723.png,26923
images-34724.png,26924
images-34725.png,26925
images-34726.png,26926
images-34727.png,26927
images-34728.png,26928
images-34729.png,26929
images-34730.png,26930
images-34731.png,26931
images-34732.png,26932
images-34733.png,26933
images-34734.png,26934
images-34735.png,26935
images-34736.png,26936
images-34737.png,26937
images-34738.png,26938
images-34739.png,26939
images-34740.png,26940
images-34741.png,26941
images-34757.png,26942
images-34758.png,26943
images-34759.png,26944
images-34760.png,26945
images-34761.png,26946
images-34762.png,26947
images-34763.png,26948
images-34764.png,26949
images-34765.png,26950
images-34766.png,26951
images-34767.png,26952
images-34768.png,26953
images-34769.png,26954
images-34770.png,26955
images-34771.png,26956
images-34772.png,26957
images-34773.png,26958
images-34774.png,26959
images-34811.png,26960
images-34812.png,26961
images-34813.png,26962
images-34814.png,26963
images-34815.png,26964
images-34816.png,26965
images-34817.png,26966
images-34818.png,26967
images-34819.png,26968
images-34820.png,26969
images-34821.png,26970
images-34822.png,26971
images-34823.png,26972
images-34824.png,26973
images-34825.png,26974
images-34826.png,26975
images-34827.png,26976
images-34828.png,26977
images-34829.png,26978
images-34830.png,26979
images-34831.png,26980
images-34832.png,26981
images-34833.png,26982
images-34834.png,26983
images-34835.png,26984
images-34836.png,26985
images-34837.png,26986
images-34838.png,26987
images-34839.png,26988
images-34840.png,26989
images-34841.png,26990
images-34842.png,26991
images-34843.png,26992
images-34844.png,26993
images-34845.png,26994
images-34846.png,26995
images-34847.png,26996
images-34848.png,26997
images-34857.png,26998
images-34858.png,26999
images-34859.png,27000
images-34860.png,27001
images-34861.png,27002
images-34862.png,27003
images-34863.png,27004
images-34864.png,27005
images-34865.png,27006
images-34866.png,27007
images-34867.png,27008
images-34868.png,27009
images-34869.png,27010
images-34870.png,27011
images-34871.png,27012
images-34872.png,27013
images-34873.png,27014
images-34874.png,27015
images-34875.png,27016
images-34876.png,27017
images-34877.png,27018
images-34878.png,27019
images-34879.png,27020
images-34880.png,27021
images-34881.png,27022
images-34882.png,27023
images-34883.png,27024
images-34884.png,27025
images-34885.png,27026
images-34886.png,27027
images-34887.png,27028
images-34888.png,27029
images-34889.png,27030
images-34890.png,27031
images-34891.png,27032
images-34892.png,27033
images-34893.png,27034
images-34894.png,27035
images-34895.png,27036
images-34896.png,27037
images-34897.png,27038
images-34898.png,27039
images-34899.png,27040
images-34900.png,27041
images-34901.png,27042
images-34902.png,27043
images-34903.png,27044
images-34904.png,27045
images-34905.png,27046
images-34906.png,27047
images-34907.png,27048
images-34908.png,27049
images-34909.png,27050
images-34910.png,27051
images-34911.png,27052
images-34912.png,27053
images-34913.png,27054
images-34914.png,27055
images-34915.png,27056
images-34916.png,27057
images-34917.png,27058
images-34918.png,27059
images-34919.png,27060
images-34920.png,27061
images-34921.png,27062
images-34922.png,27063
images-34923.png,27064
images-34924.png,27065
images-34925.png,27066
images-34926.png,27067
images-34927.png,27068
images-34928.png,27069
images-34929.png,27070
images-34930.png,27071
images-34931.png,27072
images-34932.png,27073
images-34933.png,27074
images-34934.png,27075
images-34935.png,27076
images-34936.png,27077
images-34937.png,27078
images-34938.png,27079
images-34939.png,27080
images-34940.png,27081
images-34941.png,27082
images-34942.png,27083
images-34943.png,27084
images-34944.png,27085
images-34945.png,27086
images-34946.png,27087
images-34947.png,27088
images-34948.png,27089
images-34949.png,27090
images-34950.png,27091
images-34951.png,27092
images-34952.png,27093
images-34953.png,27094
images-34954.png,27095
images-34955.png,27096
images-34956.png,27097
images-34957.png,27098
images-34958.png,27099
images-34959.png,27100
images-34960.png,27101
images-34961.png,27102
images-34962.png,27103
images-34963.png,27104
images-34964.png,27105
images-34965.png,27106
images-34966.png,27107
images-34967.png,27108
images-34968.png,27109
images-34969.png,27110
images-34970.png,27111
images-34971.png,27112
images-34972.png,27113
images-34973.png,27114
images-34974.png,27115
images-34975.png,27116
images-34976.png,27117
images-34977.png,27118
images-34992.png,27119
images-34993.png,27120
images-34994.png,27121
images-34995.png,27122
images-34996.png,27123
images-34997.png,27124
images-34998.png,27125
images-34999.png,27126
images-35000.png,27127
images-35001.png,27128
images-35002.png,27129
images-35003.png,27130
images-35004.png,27131
images-35005.png,27132
images-35006.png,27133
images-35007.png,27134
images-35008.png,27135
images-35009.png,27136
images-35010.png,27137
images-35011.png,27138
images-35012.png,27139
images-35013.png,27140
images-35014.png,27141
images-35015.png,27142
images-35016.png,27143
images-35017.png,27144
images-35018.png,27145
images-35019.png,27146
images-35020.png,27147
images-35021.png,27148
images-35022.png,27149
images-35023.png,27150
images-35024.png,27151
images-35025.png,27152
images-35026.png,27153
images-35027.png,27154
images-35028.png,27155
images-35029.png,27156
images-35030.png,27157
images-35031.png,27158
images-35032.png,27159
images-35033.png,27160
images-35034.png,27161
images-35035.png,27162
images-35036.png,27163
images-35037.png,27164
images-35038.png,27165
images-35039.png,27166
images-35040.png,27167
images-35041.png,27168
images-35042.png,27169
images-35043.png,27170
images-35044.png,27171
images-35045.png,27172
images-35046.png,27173
images-35047.png,27174
images-35048.png,27175
images-35049.png,27176
images-35050.png,27177
images-35051.png,27178
images-35052.png,27179
images-35053.png,27180
images-35054.png,27181
images-35055.png,27182
images-35056.png,27183
images-35057.png,27184
images-35058.png,27185
images-35059.png,27186
images-35060.png,27187
images-35061.png,27188
images-35062.png,27189
images-35063.png,27190
images-35064.png,27191
images-35065.png,27192
images-35066.png,27193
images-35067.png,27194
images-35068.png,27195
images-35069.png,27196
images-35070.png,27197
images-35071.png,27198
images-35072.png,27199
images-35073.png,27200
images-35074.png,27201
images-35075.png,27202
images-35076.png,27203
images-35077.png,27204
images-35078.png,27205
images-35079.png,27206
images-35080.png,27207
images-35081.png,27208
images-35082.png,27209
images-35083.png,27210
images-35084.png,27211
images-35085.png,27212
images-35086.png,27213
images-35087.png,27214
images-35088.png,27215
images-35089.png,27216
images-35090.png,27217
images-35091.png,27218
images-35092.png,27219
images-35093.png,27220
images-35094.png,27221
images-35095.png,27222
images-35096.png,27223
images-35097.png,27224
images-35098.png,27225
images-35099.png,27226
images-35100.png,27227
images-35101.png,27228
images-35102.png,27229
images-35103.png,27230
images-35104.png,27231
images-35105.png,27232
images-35106.png,27233
images-35107.png,27234
images-35108.png,27235
images-35109.png,27236
images-35110.png,27237
images-35111.png,27238
images-35112.png,27239
images-35113.png,27240
images-35114.png,27241
images-35208.png,27242
images-35209.png,27243
images-35210.png,27244
images-35211.png,27245
images-35212.png,27246
images-35213.png,27247
images-35214.png,27248
images-35215.png,27249
images-35216.png,27250
images-35217.png,27251
images-35218.png,27252
images-35219.png,27253
images-35220.png,27254
images-35221.png,27255
images-35222.png,27256
images-35223.png,27257
images-35224.png,27258
images-35225.png,27259
images-35226.png,27260
images-35227.png,27261
images-35228.png,27262
images-35229.png,27263
images-35230.png,27264
images-35231.png,27265
images-35232.png,27266
images-35233.png,27267
images-35234.png,27268
images-35235.png,27269
images-35236.png,27270
images-35237.png,27271
images-35238.png,27272
images-35239.png,27273
images-35240.png,27274
images-35241.png,27275
images-35242.png,27276
images-35243.png,27277
images-35244.png,27278
images-35245.png,27279
images-35246.png,27280
images-35247.png,27281
images-35248.png,27282
images-35249.png,27283
images-35250.png,27284
images-35251.png,27285
images-35252.png,27286
images-35253.png,27287
images-35254.png,27288
images-35255.png,27289
images-35256.png,27290
images-35257.png,27291
images-35258.png,27292
images-35259.png,27293
images-35260.png,27294
images-35261.png,27295
images-35262.png,27296
images-35263.png,27297
images-35264.png,27298
images-35265.png,27299
images-35266.png,27300
images-35267.png,27301
images-35268.png,27302
images-35269.png,27303
images-35270.png,27304
images-35271.png,27305
images-35272.png,27306
images-35273.png,27307
images-35274.png,27308
images-35275.png,27309
images-35276.png,27310
images-35277.png,27311
images-35278.png,27312
images-35279.png,27313
images-35280.png,27314
images-35281.png,27315
images-35282.png,27316
images-35283.png,27317
images-35284.png,27318
images-35285.png,27319
images-35286.png,27320
images-35287.png,27321
images-35288.png,27322
images-35289.png,27323
images-35290.png,27324
images-35291.png,27325
images-35292.png,27326
images-35293.png,27327
images-35294.png,27328
images-35295.png,27329
images-35296.png,27330
images-35297.png,27331
images-35298.png,27332
images-35299.png,27333
images-35300.png,27334
images-35301.png,27335
images-35302.png,27336
images-35303.png,27337
images-35304.png,27338
images-35305.png,27339
images-35306.png,27340
images-35307.png,27341
images-35308.png,27342
images-35309.png,27343
images-35310.png,27344
images-35311.png,27345
images-35312.png,27346
images-35313.png,27347
images-35314.png,27348
images-35315.png,27349
images-35316.png,27350
images-35317.png,27351
images-35318.png,27352
images-35319.png,27353
images-35320.png,27354
images-35321.png,27355
images-35322.png,27356
images-35323.png,27357
images-35324.png,27358
images-35325.png,27359
images-35326.png,27360
images-35327.png,27361
images-35328.png,27362
images-35329.png,27363
images-35330.png,27364
images-35331.png,27365
images-35332.png,27366
images-35333.png,27367
images-35334.png,27368
images-35335.png,27369
images-35336.png,27370
images-35337.png,27371
images-35338.png,27372
images-35339.png,27373
images-35340.png,27374
images-35341.png,27375
images-35342.png,27376
images-35343.png,27377
images-35344.png,27378
images-35345.png,27379
images-35346.png,27380
images-35347.png,27381
images-35348.png,27382
images-35349.png,27383
images-35350.png,27384
images-35351.png,27385
images-35352.png,27386
images-35353.png,27387
images-35354.png,27388
images-35355.png,27389
images-35356.png,27390
images-35357.png,27391
images-35358.png,27392
images-35359.png,27393
images-35360.png,27394
images-35361.png,27395
images-35366.png,27396
images-35367.png,27397
images-35368.png,27398
images-35369.png,27399
images-35370.png,27400
images-35371.png,27401
images-35372.png,27402
images-35373.png,27403
images-35374.png,27404
images-35375.png,27405
images-35376.png,27406
images-35377.png,27407
images-35378.png,27408
images-35379.png,27409
images-35380.png,27410
images-35381.png,27411
images-35382.png,27412
images-35383.png,27413
images-35384.png,27414
images-35385.png,27415
images-35390.png,27416
images-35391.png,27417
images-35392.png,27418
images-35393.png,27419
images-35394.png,27420
images-35400.png,27421
images-35401.png,27422
images-35402.png,27423
images-35403.png,27424
images-35404.png,27425
images-35405.png,27426
images-35406.png,27427
images-35407.png,27428
images-35408.png,27429
images-35409.png,27430
images-35410.png,27431
images-35411.png,27432
images-35412.png,27433
images-35413.png,27434
images-35414.png,27435
images-35415.png,27436
images-35416.png,27437
images-35417.png,27438
images-35418.png,27439
images-35419.png,27440
images-35420.png,27441
images-35421.png,27442
images-35422.png,27443
images-35423.png,27444
images-35424.png,27445
images-35425.png,27446
images-35426.png,27447
images-35427.png,27448
images-35428.png,27449
images-35429.png,27450
images-35440.png,27451
images-35441.png,27452
images-35442.png,27453
images-35443.png,27454
images-35444.png,27455
images-35445.png,27456
images-35446.png,27457
images-35447.png,27458
images-35448.png,27459
images-35449.png,27460
images-35450.png,27461
images-35451.png,27462
images-35452.png,27463
images-35453.png,27464
images-35454.png,27465
images-35455.png,27466
images-35456.png,27467
images-35457.png,27468
images-35458.png,27469
images-35459.png,27470
images-35460.png,27471
images-35461.png,27472
images-35462.png,27473
images-35463.png,27474
images-35466.png,27475
images-35467.png,27476
images-35468.png,27477
images-35469.png,27478
images-35470.png,27479
images-35471.png,27480
images-35472.png,27481
images-35473.png,27482
images-35474.png,27483
images-35475.png,27484
images-35476.png,27485
images-35477.png,27486
images-35478.png,27487
images-35479.png,27488
images-35480.png,27489
images-35481.png,27490
images-35482.png,27491
images-35483.png,27492
images-35484.png,27493
images-35485.png,27494
images-35486.png,27495
images-35487.png,27496
images-35488.png,27497
images-35489.png,27498
images-35490.png,27499
images-35491.png,27500
images-35492.png,27501
images-35493.png,27502
images-35494.png,27503
images-35495.png,27504
images-35496.png,27505
images-35497.png,27506
images-35498.png,27507
images-35499.png,27508
images-35500.png,27509
images-35501.png,27510
images-35502.png,27511
images-35503.png,27512
images-35504.png,27513
images-35505.png,27514
images-35506.png,27515
images-35507.png,27516
images-35508.png,27517
images-35509.png,27518
images-35510.png,27519
images-35511.png,27520
images-35512.png,27521
images-35513.png,27522
images-35514.png,27523
images-35515.png,27524
images-35516.png,27525
images-35517.png,27526
images-35518.png,27527
images-35519.png,27528
images-35520.png,27529
images-35521.png,27530
images-35522.png,27531
images-35523.png,27532
images-35524.png,27533
images-35525.png,27534
images-35526.png,27535
images-35527.png,27536
images-35528.png,27537
images-35529.png,27538
images-35530.png,27539
images-35531.png,27540
images-35532.png,27541
images-35533.png,27542
images-35534.png,27543
images-35535.png,27544
images-35536.png,27545
images-35537.png,27546
images-35538.png,27547
images-35539.png,27548
images-35540.png,27549
images-35541.png,27550
images-35542.png,27551
images-35543.png,27552
images-35544.png,27553
images-35545.png,27554
images-35546.png,27555
images-35547.png,27556
images-35548.png,27557
images-35549.png,27558
images-35550.png,27559
images-35551.png,27560
images-35552.png,27561
images-35553.png,27562
images-35554.png,27563
images-35555.png,27564
images-35556.png,27565
images-35557.png,27566
images-35558.png,27567
images-35559.png,27568
images-35560.png,27569
images-35561.png,27570
images-35562.png,27571
images-35563.png,27572
images-35564.png,27573
images-35565.png,27574
images-35566.png,27575
images-35567.png,27576
images-35568.png,27577
images-35569.png,27578
images-35570.png,27579
images-35571.png,27580
images-35572.png,27581
images-35573.png,27582
images-35574.png,27583
images-35575.png,27584
images-35576.png,27585
images-35577.png,27586
images-35578.png,27587
images-35579.png,27588
images-35580.png,27589
images-35581.png,27590
images-35582.png,27591
